63.6362524404 56.6263293439 -180.75789722
-58.4740026896 141.536198554 -194.273156832
-164.466794063 -28.4483579527 -583.164000806
-139.323155914 67.0657733808 -878.789795156
232.45900208 -28.2834032319 -192.322897758
147.127175754 -176.703785825 -602.750383285
160.366955183 -60.8053771308 -1024.4099821
73.5016505883 89.1665281644 137.1345204
44.4391844006 68.2252017038 444.534015096
-22.2656128435 -21.4487312569 570.464791892
-32.4881023563 31.5842209836 778.616586581
228.074992449 -22.5918860312 476.590136441
268.887938584 -223.986731403 281.729492657
69.2150557252 -290.242461701 304.797864389
-126.398241184 171.36461634 417.803168268
-277.190384985 187.929060786 273.743213878
-352.229623033 8.67239195468 291.291262133
