107.455734909 176.983466071 -219.680407207
-23.8317935178 235.235325068 -223.375921349
-140.235859154 -169.482425751 -466.513804131
-94.1620226561 -28.7569459855 -692.528159473
232.43071016 118.731734774 -220.930945011
124.998629444 -309.324384506 -540.463020514
150.373703023 -117.064470478 -843.106263499
88.536824224 158.465928693 96.4885678482
52.9114737634 77.7590487688 394.565314889
-23.7234882223 -24.1024284148 494.007959109
-67.5687251423 24.9452021552 675.036058285
205.173539564 15.9891299186 371.903105554
236.123007299 -185.43709822 248.696337037
-7.18088814234 -245.150012261 274.112078385
-100.608569461 160.22215645 367.423137909
-237.186227772 137.575738772 243.065573608
-331.236977491 -63.0816161457 266.698422133
