130.412079629 157.189763762 -216.937609812
4.0195678379 227.131045911 -217.719003989
-128.873485783 -137.709626209 -472.020974715
-74.5415307172 -4.62435950578 -702.331550152
214.757143309 87.2486647071 -219.676459083
89.0406452497 -301.409052355 -548.330255887
184.808898071 -109.991427595 -860.724130858
105.86102579 140.259190219 101.206602941
67.6246898327 70.8366610155 421.018664562
-37.5845271838 -21.3533042217 502.183852007
-109.315219515 26.0200549628 710.575492204
177.202678843 -5.94496598214 393.809236163
181.820742432 -213.310358419 276.600392943
-64.6409204821 -252.740108146 305.453549681
-27.6207054936 163.493581373 336.404965034
-196.323809914 166.794125003 199.011818239
-317.958693771 -44.368105515 226.378120511
