112.708744861 154.334051051 -154.812920936
-5.08740961558 218.830318406 -152.361953912
-123.758780239 -115.87951421 -479.380689249
-73.7541536589 44.2419273211 -703.747813851
185.186187483 89.8379803785 -150.549312345
73.2095472672 -261.499493354 -553.925738196
168.751215267 -62.2796935697 -856.226386286
73.2407512981 111.220967183 141.903494084
-13.3732958877 9.34444856899 456.802310793
-87.9554385536 -82.8963541732 493.183637695
-192.988648305 -50.0272315581 686.832387641
86.0721424237 -45.7505481907 436.340140702
225.976467266 -125.538301259 198.784653917
6.93084528807 -172.816027645 184.549512786
-93.0187077299 102.439222537 382.39418836
-73.6182848903 162.118757537 180.987284431
-170.52712472 -1.56299436182 181.158587427
