118.720756892 154.565533192 -174.176187421
-6.90462954977 231.521309185 -156.393062139
-135.189941389 -97.1004174713 -419.101031015
-83.651744036 50.2330106753 -709.076675551
185.985298274 77.6099898823 -206.854627287
65.2369286777 -267.217116375 -559.06415564
163.617353926 -58.016511472 -870.115052544
80.1217425865 106.96337947 140.672974175
-18.3719726685 -3.54283363196 472.155728744
-99.8624845618 -97.667190449 508.503934282
-204.599301203 -67.0033132875 708.481812708
84.2974009887 -66.6917842413 449.800107555
242.498530268 -132.650463779 202.976015055
67.0939089578 -184.199937499 123.428842673
-98.9819968526 102.519001242 397.753679833
-78.0557967768 187.331135891 193.036788708
-182.974038668 34.8980154053 186.696836336
