27.7885510883 -31.8053675348 -190.624831546
-65.354460972 -59.4780156908 -197.369829058
-106.820110907 -216.29181971 -538.948261833
-105.245064839 -97.3035028848 -886.201040897
193.784391775 -4.13280445042 -195.030988183
201.669315464 -144.684552283 -617.454037564
191.141765485 -54.4597629512 -983.971190877
-18.681832609 81.9766383341 124.138134721
-33.5449060695 138.119261165 475.796753594
-57.5924996775 41.9261562181 609.170950614
-235.429973632 121.026782071 825.522541141
108.585818577 168.013685969 452.234743812
379.366722119 155.454912872 240.650163331
310.717464705 11.3836362721 137.944961863
-164.541572687 108.377891612 439.022568996
-348.716295484 -47.7019528256 306.24149129
-325.613093518 -176.447081683 328.744769957
