19.7971345993 -20.9722668995 -174.750137896
-81.5253791531 -39.944312168 -175.239327657
-129.302060386 -183.665227503 -530.725763001
-129.192316603 -55.4756851032 -884.805692835
176.764058524 -2.00027773816 -181.918943876
179.679570124 -120.063291842 -615.580588336
171.365527533 -37.2165859832 -1051.84871708
-14.0435573778 75.5966913707 133.903607894
-35.606180534 115.900061693 483.173860171
-48.6859758143 21.6362025107 595.980177085
-245.611475532 95.1772617567 771.637564599
155.713629541 142.720181567 461.562761889
382.423184241 123.995684366 260.152726941
386.597982188 -17.5599152009 233.877684121
-173.847583622 95.6436437276 446.321807315
-300.238963364 -34.3530302448 309.636369581
-357.219992941 -163.440861987 256.056788725
