-44.2285285195 29.1865978883 -125.219413121
-132.277911961 -66.0642632644 -127.222053668
-272.633580411 -70.2904643906 -535.903521795
-483.499219831 103.389403144 -928.690765553
72.6742228596 124.437422241 -128.059767134
190.20420231 43.6331791681 -534.080208568
245.399293889 101.58401369 -954.800948959
-51.8714530866 37.703738927 143.007799315
-9.79751960441 23.2041571687 397.990962532
60.1180348089 -37.2072178338 497.693979288
59.9555774365 -3.43443488805 710.975076181
84.7612106893 140.520147937 373.529198465
194.829084012 214.073043202 177.881883561
194.601839052 54.1831424801 247.919740173
-119.216631775 -86.9943431617 380.267195261
-112.504763192 -312.615780909 267.969070117
87.5041965423 -307.534558384 450.074192138
