22.2642930443 37.7350593433 -128.507062468
-119.367169688 49.8543899012 -108.598211445
-127.524290983 -147.089595667 -496.036185063
-109.401056567 -40.3434904473 -845.935659375
190.659636494 25.6157468064 -105.45973087
183.338126741 -165.86563298 -504.462274453
113.591344815 -81.2127982894 -919.56856358
8.89310808273 88.3773587465 154.460564316
-12.9222114522 71.8413215728 437.548255817
-51.7861627961 -28.6593247733 545.088536335
-157.959655355 24.8650130788 714.455694645
183.448344267 71.3921654014 484.544950969
400.546463651 40.3820271975 291.067744264
401.026934 -98.9353150648 202.05685828
-209.681347583 103.343488712 405.215794138
-335.407270076 98.6088974764 124.086877633
-400.347848257 -49.2616654933 97.1463948497
