13.1181435296 23.7233991502 -154.937412635
-82.4556769158 3.29590098682 -151.503768685
-125.398400139 -215.328235142 -457.170181722
-113.742307647 -93.009254193 -787.741444083
177.003465374 44.150873509 -148.256232324
166.694899636 -162.10528432 -523.419777392
88.950747783 -95.6300986318 -944.881165531
-7.61255622016 95.5676874269 141.185795748
-31.9467591389 92.7450649382 457.510227558
-32.1829469807 -8.10375179189 566.803513425
-104.316356191 51.7391851891 732.490700364
159.624139971 127.377762534 501.129422706
374.700227897 123.154892328 322.624581351
441.916285073 -24.8007326721 238.238106046
-226.059936294 85.0548917479 423.7301528
-399.747157975 52.3556447904 79.9753768513
-325.223171425 -101.859661678 40.3909053793
