1.58482491391 47.108582176 -163.176706991
-166.83673152 62.6594057644 -147.729009482
-183.386475662 -187.491481074 -455.91554048
-169.197642797 -83.4733934399 -794.972301309
150.317777404 31.5577790871 -150.100610414
125.944274509 -205.451369361 -535.34212062
48.4519997077 -145.471442864 -958.350433797
8.90356260045 116.87821536 128.085843252
9.35161527706 117.306138325 410.969851868
-14.9631505548 14.2715897926 546.232944368
-56.7618216824 81.2877930414 743.089868178
204.429918007 114.991651545 453.981749108
415.825575858 32.7316422805 332.64840972
334.326449065 -105.519654544 272.456759726
-234.866784903 132.78934144 379.81654194
-295.256329695 57.8535466236 91.2021218428
-182.341823567 -81.8878575669 157.796838963
