-19.7360927057 62.7284250137 -152.042154526
-161.733104148 18.270325886 -146.743930234
-155.65517006 -165.972226909 -475.390828225
-160.884841032 -2.57179785657 -811.218108134
137.357103102 107.186494933 -145.989910412
146.876990535 -65.5732858602 -545.64060043
61.2883074759 28.9254080663 -974.001650067
-32.9642362914 99.8183570143 136.771085699
-51.5085444064 68.1095403747 401.076196835
-12.3278542018 -25.5892756381 540.193190883
-48.5322268899 28.9818634945 730.823002992
136.296782275 129.515765208 500.274942674
351.609015343 94.8911354655 327.014204184
335.021091883 -79.3469207284 340.614263705
-235.742467876 22.6085571363 369.298208313
-273.123738097 -110.998385613 77.304342174
-81.2691980801 -221.018749087 146.728054054
