-3.01216915567 52.4700391869 -117.218636464
-159.088522519 51.8832715156 -91.601504317
-169.886914644 -130.852252853 -485.049835272
-163.661666629 7.3448751412 -819.838154866
139.291213408 53.0568080211 -94.0466564336
129.264572586 -115.555178222 -556.531154279
54.7391602384 -23.2715306575 -980.426144977
4.43183643709 92.4784388906 160.191240893
17.3684901463 66.6450249376 438.996718514
10.6922120454 -33.0920911892 542.857057314
19.6777564599 22.518704507 707.140393166
203.697407503 81.0629302435 477.612336545
340.730373491 17.805960569 291.567861744
245.552453979 -110.088634521 225.237291566
-220.615098293 69.9312212184 411.66104233
-269.637492242 10.3733470534 136.266453417
-167.431733491 -112.710933836 109.274230608
