-5.28552000433 59.261886955 -125.675776103
-148.294062794 68.4495453271 -95.7875440888
-221.458204714 -152.34892431 -484.709702098
-220.12146848 -54.8764163543 -884.265727373
103.878325553 50.0742252612 -106.636579696
147.49107552 -160.277744229 -484.719366708
76.4806492247 -65.3853920936 -883.913181337
8.67024492744 110.716835219 154.411086129
-14.0661782032 88.5385018974 429.69372953
13.3288126047 -14.810506942 545.2364393
40.5849769427 43.8782441155 745.905703643
222.200649428 91.4788701436 457.545969043
346.801387765 16.3986462288 259.830073776
252.176673059 -119.714275694 202.85433346
-196.676696903 98.5675590087 402.047214824
-250.706898009 37.4957801407 117.65366223
-138.290228396 -97.9715585807 99.4144542729
