-21.5061585719 88.1491465398 -119.354291194
-187.268172507 66.9203210566 -104.784969754
-192.287259991 -153.204537661 -471.943437108
-194.564237795 -23.4725166219 -854.897934103
104.931708689 109.377984337 -107.677520871
163.665439008 -104.310109149 -472.28094169
87.88133459 4.4435282036 -864.350988666
-13.2782701484 112.931128245 159.487701246
-6.38135808349 61.1968475277 458.613264651
23.1428769509 -41.5026711918 534.861340185
50.9229359694 10.9237031262 711.515348343
169.090629018 96.8524784085 440.992796437
336.325435434 44.5260010606 236.418594661
190.021245596 -107.710151556 181.294070558
-189.06175968 41.9216566292 431.862444149
-226.54385311 -45.6555291003 104.821776699
-106.732087133 -162.116794969 84.9293593436
