-13.4633661417 37.8168382304 -127.389864566
-174.137766278 37.1610703676 -108.853682203
-183.503611665 -145.19398831 -486.707457811
-179.272413257 -28.149981246 -875.739245933
114.653207953 38.4726090513 -112.353360061
114.416017439 -139.125451991 -550.464417924
101.691812418 -36.2284907971 -949.564640288
-0.255073779046 93.1962095081 163.35933517
3.77243957845 78.2114400789 471.609717633
24.7701514471 -21.9874539112 575.411006591
66.8041073918 40.7590819707 782.031104154
188.726377771 92.7057468601 451.57789135
305.350102282 39.9588601184 249.848628123
277.707496663 -99.0171917954 180.999217643
-174.828451318 78.7318856624 445.940654024
-276.561346965 30.8886006868 172.835417712
-184.817972018 -98.1997844804 89.083123702
