-7.76560817708 38.1960157747 -173.063948123
-167.948486974 60.6586389099 -174.531416995
-242.668097783 -188.30386238 -483.177830674
-172.367482425 -102.020657636 -874.327084628
129.87228781 15.7333834694 -176.849655451
122.120851605 -229.799956259 -542.582147921
112.690620405 -120.217498262 -887.497547346
12.7570444421 118.16319463 140.027990399
15.8842549063 119.539113775 482.557882722
16.1815897006 11.5505194563 595.252460391
76.2924887547 83.4461381497 803.094258286
199.732668259 106.664963705 462.256553728
325.182018521 16.7712506047 250.475664671
290.475719501 -119.863067143 191.317339921
-218.089332332 141.25640047 454.713542637
-281.801052994 95.168866612 176.949824392
-189.376457261 -48.2702448914 97.1235567877
