-8.48418868726 54.3745958271 -163.371031193
-153.720519105 58.3352802984 -162.798224692
-215.30914551 -193.573343454 -458.907912959
-148.198406681 -91.7205646593 -841.191713266
138.145145951 50.4139149238 -163.583023813
140.352918257 -203.237851912 -519.331810819
127.301353429 -118.064958683 -912.572781123
-3.44636805179 122.025054633 142.424249259
-30.649044982 109.537690728 471.421968644
3.93343954147 1.54153690717 577.919560573
26.8552268919 68.3217663279 779.856720004
197.525928941 118.462100075 452.322130106
319.335115119 52.088106576 247.708109409
296.231662145 -93.643332636 179.547620608
-209.574354827 112.433136018 443.294376179
-319.607807114 44.4643181556 174.803069906
-168.688072514 -91.7574491259 91.0107743108
