-4.58848649265 60.9507366917 -131.788670089
-152.155126088 62.7594537387 -113.097023853
-204.898937761 -169.988639299 -463.104401447
-140.421325724 -66.0741566671 -843.885840733
141.728864528 59.1420215539 -112.18578985
144.234509673 -176.758664471 -467.704422677
133.510047959 -101.874077886 -909.916477108
-2.3223475995 112.882544139 155.450367473
-25.5178789362 87.4112435376 457.77141388
4.14452912308 -17.5357141985 555.763444199
31.3875319409 41.7938498753 757.486990075
198.670910669 99.5101993924 432.731394657
319.383832852 49.255240399 228.526855039
300.734299159 -91.8356211351 156.289606787
-208.139589008 93.5238135527 423.514240199
-312.105614813 47.2966234638 156.850641344
-226.41152445 -90.4588526835 69.4972679697
