-5.80848695996 51.3439339321 -162.325104079
-159.310109507 55.2498187083 -163.437400608
-214.251322574 -192.56805045 -459.11175121
-146.507340211 -94.6017553176 -841.192608271
139.934637101 47.4380517491 -162.461815144
146.146600294 -205.879020723 -519.738083763
193.044072521 -119.657209807 -920.991796988
-3.51445674405 119.607065353 144.034854969
-31.09467726 108.61909308 477.874235675
-0.828291453968 0.830081116247 581.40112092
25.9594889153 68.1209864979 786.151012717
197.111063525 116.402275266 452.240591898
319.569239221 53.729826729 246.764664232
298.954429121 -93.0041618547 176.685296139
-210.094320783 114.293349147 442.449542907
-323.571631928 57.8454642982 174.391493992
-235.890128431 -87.7697477234 89.5488255588
