-11.6269493439 61.3404165381 -128.867284505
-154.373874338 42.6216493935 -109.862195281
-207.52266857 -172.003621947 -466.574766046
-149.547862272 -55.0951325319 -842.971829815
132.576586528 80.0591813525 -109.214121026
202.706988 -143.812304039 -524.959146258
194.921400044 -51.0934226025 -913.76555872
-16.3549945006 108.212456487 160.200304729
-37.0033344828 78.0256760572 461.250708951
1.55969107121 -27.6411614196 557.309252065
14.6162132866 26.3530102282 760.961433339
186.511748185 110.887134006 436.709853267
309.364082665 80.9174933961 231.754161022
294.744202134 -68.5297193852 158.400219144
-219.768356542 65.096775063 433.950775604
-324.481684542 -0.839896161462 169.583214897
-242.743440085 -136.154272361 83.897144142
