4.25851479539 68.3070713447 -133.015954283
-147.387777555 68.3788806864 -122.288591455
-211.910499144 -177.387836731 -470.494453874
-144.266369486 -66.0288847605 -805.442858137
147.712316214 68.2352572903 -112.707159668
220.723332327 -184.015889247 -482.17125832
218.144872529 -88.3454396258 -873.977003298
0.984254856598 116.428268397 158.43359424
-28.4104129197 83.2877968166 462.054746908
-6.43833993803 -26.5325518918 558.919624598
20.5507600283 27.7011475442 769.787528481
202.408708493 91.4257659126 437.322203125
330.019129369 44.6859106555 221.879925299
242.630261721 -92.7303892442 77.3284075012
-209.132141378 95.8705814879 434.138667127
-328.345055252 60.9682043397 163.217471582
-312.737124947 -90.2478929744 72.2005062755
