-50.7870109816 18.3768710874 -127.677168186
-133.596800698 -100.19741408 -129.22274441
-204.276409612 -126.118602878 -547.808758245
-408.852507782 15.6420371082 -959.415293511
61.6943404048 136.951155452 -139.00468236
184.645485343 65.6887982706 -480.55466315
160.543440625 98.633808062 -967.003040565
-55.9944496444 26.5742820449 153.093741454
-7.40140201173 24.1824363173 402.408835296
89.8163363047 -29.1445068549 512.365904399
132.303660252 -1.14511826081 714.063642338
70.4156549761 161.769778152 374.33148537
104.859743867 291.684148461 164.838973345
187.382320105 160.678947277 144.800128368
-114.586747603 -105.936415061 441.378527972
-114.197376747 -328.690395144 333.147617391
81.0665988907 -314.912969945 437.14488288
