4.34336657099 71.3597898015 -120.186658133
-144.997505129 80.832720174 -100.511705873
-209.591278459 -151.839722146 -446.906533823
-144.817140321 -53.1364890915 -831.327252438
139.750271795 61.8868570662 -99.5208476546
196.999784658 -171.032333089 -460.786648055
203.147576354 -77.970885319 -896.908849823
6.90489742992 112.341268452 162.537067367
23.3067617564 74.3765318436 453.41251955
3.9347140735 -32.3703814895 546.826890031
23.142890929 19.9744482871 747.89011755
197.208379545 73.4733770995 425.937553266
313.182508834 17.3470110397 163.723168592
226.004929242 -117.204945561 77.9291381633
-198.605343764 96.1174158932 429.021285416
-319.60797582 70.5578406617 222.777199961
-305.123859626 -75.1891754334 84.2209338872
