7.15480792833 49.9416806849 -116.414273245
-115.402432979 68.2857177062 -99.8804139198
-183.66140772 -116.557593691 -474.201328847
-173.782197193 -6.49203190171 -859.781647397
129.079450228 31.5976524159 -101.316505114
184.397386343 -139.612551228 -537.397418109
186.543707745 -17.3446414249 -931.294444553
14.6120616373 92.5143809146 171.955304795
14.0602791058 61.6435117742 473.762323418
2.27246696229 -40.7703606832 569.392070895
11.7224274216 13.424232332 780.051394497
190.534126986 49.8404445771 445.709739774
295.435733155 -10.6775324442 173.908563733
194.553759974 -138.949155367 83.8416278512
-169.857473285 92.2548228984 456.40850519
-288.636621563 76.1874081609 244.313643318
-274.986738229 -66.792401301 100.804155279
