9.11943917372 56.2109340881 -108.842488382
-114.314409783 77.1917692516 -89.470170255
-182.750864527 -120.331056161 -446.653103946
-171.41312566 -17.9419502645 -833.222452762
127.404986293 35.2301150688 -90.9066388538
179.819866771 -150.039305537 -516.044725681
181.806931039 -32.3749255229 -904.248010929
16.0185618691 96.6908599019 174.066981819
11.8381917875 60.7945901821 473.685479287
-3.5248974965 -41.1421545588 563.994402818
8.17202246519 12.2524038445 775.010578921
186.148084398 46.6002684952 446.195307181
288.833981174 -1.15330398297 172.178530636
189.298867616 -128.472759536 20.2043947698
-162.080263834 94.1989649513 455.012226526
-281.538895486 79.4442352144 189.199907933
-261.225372262 -68.5130629303 102.306168837
