9.08935149808 67.4487880533 -125.211626951
-121.053445184 90.9092633425 -107.567300454
-193.577371455 -146.592499899 -407.360779507
-181.178009059 -59.3480730836 -804.830232904
126.160698647 43.9883400314 -116.985501021
178.253608613 -176.584624542 -484.467758168
177.300477702 -91.0736754351 -937.525246062
18.4600933475 113.060055027 161.422382163
12.4312272919 78.5006062725 458.72013234
5.45624037136 -25.5987663267 557.567255243
8.87985636459 31.0537430418 765.331758833
239.534661647 61.3726438178 428.969375459
292.136973049 6.55635893181 149.178138383
186.979915815 -120.245714699 -7.07170195717
-166.429836976 112.169988472 442.264540977
-287.749622615 80.0160934349 232.979712205
-271.689133853 -67.7008161945 155.510740129
