15.2011372294 58.5021941171 -130.524371858
-134.739040736 107.355085682 -87.2927767811
-225.722697833 -124.531351724 -440.933383914
-211.571473424 -36.9569332401 -785.248933209
154.963000666 9.64935140758 -142.715701215
143.20758431 -189.186497022 -523.437777972
145.026613348 -74.0859521808 -919.938013583
41.6298841503 106.880411701 161.38638624
49.5572074166 76.4248463295 449.529748256
19.6864029675 -24.0651618549 575.394067382
46.1399786488 34.6220687478 816.520447364
234.760526311 31.0275465668 417.565885776
267.539776803 -58.066719828 126.026355004
150.199490289 -171.597172994 35.8420153734
-129.905009248 135.596608804 477.245173879
-249.820616453 132.665296222 211.707876179
-239.635340127 -26.0413425331 127.381601798
