-78.5306254058 30.6112416291 -119.119256339
-144.027550361 -95.2793467388 -118.346953274
-216.951666167 -118.372820742 -558.463815695
-432.783646296 13.7696763557 -984.944073018
-6.71297386523 156.501852477 -127.569694146
184.250591263 89.2774496443 -478.571422469
167.330202022 119.344898266 -923.701608606
-67.5285830794 25.2519238145 159.172142132
-14.283774006 4.88137595073 428.142938507
96.8331879638 -42.3641267173 504.126618086
142.473369913 -21.4078178442 695.382459861
71.3889425165 149.855884848 395.206412645
109.959945328 284.181586034 192.320925164
197.321920931 161.57875446 174.867685533
-113.337863888 -129.435127972 410.217322272
-42.0726261399 -338.917782265 289.581180286
97.4451287776 -306.344501242 392.474915929
