52.2436787042 96.80552682 -75.7632866763
-66.1909549982 164.122987537 -32.3663251429
-158.17493578 -15.2720956934 -397.612664791
-144.391622629 73.2525129407 -788.497945042
209.028936723 29.4881509644 -35.2048496135
130.07232452 -135.825092206 -468.77228931
135.580627169 -47.1773972559 -929.769363126
54.0482730172 90.9192872033 177.291704646
42.2922621573 16.5904136063 402.998315524
-5.28646653889 -71.984713935 503.352051131
25.9525300206 -35.3680469715 701.525501842
213.74604332 -41.2896624385 373.506633613
246.049588764 -133.248523968 92.5015516825
138.762132545 -222.45089896 -13.1888246234
-128.675224313 101.350348368 434.468341726
-318.587469321 126.940715035 245.248548863
-325.464238219 -18.2494415958 177.955341301
