75.8434640866 86.6347018684 -170.571094319
-46.580390584 175.683395486 -181.017238279
-153.681300423 -10.1202043653 -492.469561599
-116.530576207 79.2030593986 -831.959613118
240.841332325 -2.41383930757 -182.422239394
153.240349862 -179.200849577 -574.113785681
165.552278149 -51.6794702072 -980.153474359
80.4323171095 98.5369714949 140.2505297
61.2921348447 48.163757819 437.830857372
-16.8480973698 -42.679887742 555.154825945
-21.4388379943 3.40366780507 763.971069626
234.479698837 -41.5375876653 411.234380199
271.208260491 -224.08214743 192.961642709
66.8621511949 -307.117887103 193.933511604
-116.182544026 157.173259908 468.009252114
-328.27938221 179.026262584 277.061451276
-410.783174318 -5.81925990719 291.316390148
