71.4000474529 62.9851711484 -205.205720377
-39.0820368542 159.55924974 -231.397611223
-136.681501531 1.77420330765 -547.265981644
-92.4512017732 92.5676387439 -822.323878276
199.937372389 -33.5887235862 -239.745250453
161.775622414 -186.808613283 -629.025885617
190.480952443 -40.3510762242 -970.570729592
83.524707479 90.1191558626 121.073912485
68.3516256973 65.3172649435 460.935380756
-25.329958085 -20.7738994954 569.8072089
-63.1125341974 29.9509449057 795.279297763
249.023427494 -37.1252252379 437.854986971
275.320961637 -255.026184492 229.832545154
9.83563789601 -332.395352292 331.345473956
-107.157555237 179.977017549 435.025922347
-310.728215837 197.335168717 236.451006152
-405.512554596 -10.7640655584 323.143782134
