136.286433348 153.70294893 -224.711061678
5.38190560109 225.71525073 -229.7800955
-129.165551537 -127.533445414 -500.327440781
-72.9658038839 4.47040827094 -738.583777281
214.071340306 81.6908441812 -234.008731078
81.5372159711 -293.893775864 -590.109241992
186.048049592 -97.7048947953 -894.964709099
111.369269023 133.273252639 109.139856857
65.4354077285 59.3627501402 438.057297304
-43.0998402986 -30.8416417083 527.292498778
-119.45615909 15.9621110906 738.82316899
173.091516649 -19.4927220804 408.925928182
108.009070618 -212.922317687 283.192083702
-84.1924567334 -230.081243535 313.534118009
-20.7372674094 152.754521417 401.428697421
-141.372785366 160.24651337 213.347237238
-265.684482553 -33.5006860313 229.00613392
