109.499621212 144.469577821 -215.394111216
-11.2902364053 206.175930719 -223.675927364
-133.259001455 -152.9129118 -487.640751606
-82.7201711354 -10.5472171936 -717.885113996
181.823734581 82.763422833 -228.744968027
66.8312261018 -287.856488006 -575.47537417
163.198973219 -87.0037766998 -876.748848352
90.69615782 130.91713394 108.151862101
2.85895390197 53.2356583359 470.401057635
-49.0807112212 -37.5351535174 516.756633322
-134.654482262 8.69010712436 712.404389079
148.055047112 -9.14842863827 399.365619812
163.592923951 -145.235998632 210.430649396
-83.2687822345 -180.35867336 283.329821572
-31.0182757356 137.58825158 393.812873312
-72.1934807275 147.913829065 198.868823987
-177.95642899 -41.0682273528 280.963872562
