61.6493006335 157.262073074 -212.919504298
-69.1615793897 187.66217904 -222.070822094
-100.786877148 -238.300165321 -467.497972258
-61.8152957802 -72.9587970462 -691.262672477
183.988306238 126.86204577 -215.639805017
104.536771838 -305.253013377 -550.572097225
180.223603624 -114.847306064 -839.605238318
44.8810000204 160.173555608 106.839813601
11.1678315031 85.8471824635 471.07190094
-38.8429869227 -18.5602294087 522.975551055
-117.462032028 38.9689627113 711.790704019
114.858355836 50.5155277889 401.908943369
192.766283014 -82.9896905546 211.829734147
13.988655895 -165.553718109 216.540669554
-88.2541070839 138.206887041 394.31294762
-138.929187512 101.968614076 198.977968639
-225.120729037 -57.4163955388 216.727166413
