68.5816301885 41.8595762877 -148.611002097
-53.9778662292 174.150807732 -154.81035161
-109.53209333 80.1846456329 -477.143765645
-55.6195331242 123.320693979 -808.109603467
193.67024826 -90.4313278591 -210.865896661
112.049857074 -176.619269919 -619.590261868
219.487909578 -40.692365271 -956.171756552
59.5027576816 37.1860145696 167.069725847
-52.498917741 -4.29212340652 513.478732603
-130.754894421 -64.5563157955 560.694395222
-214.797178517 -43.0922522772 775.626035139
107.507665841 -131.451737695 492.215092303
282.805481251 -261.953461597 227.88632693
39.8176873951 -316.135605266 133.364095429
-86.2319904415 154.193604195 427.772540105
-113.367079592 321.25451795 222.550678373
-269.314190423 198.01842069 206.679264736
