29.5124189137 60.0859029741 -119.37692818
-101.69342474 74.3416776694 -96.2702472971
-107.503778551 -148.718618693 -464.113265445
-75.3113517102 -45.4707777881 -802.426198652
201.265029927 45.8301502818 -92.0823450357
195.585495327 -173.820306344 -472.121027066
128.957801731 -86.999597391 -873.075693792
9.76038858517 99.2214593857 154.596848752
-8.10460497926 66.8266791178 429.450747353
-62.3134623108 -34.8353363846 527.47571856
-196.459376601 14.7116951523 696.356065059
183.116710935 61.920084838 472.972371425
394.587082514 34.3371855701 218.764145125
316.396992626 -101.423368316 120.936145909
-192.309660898 103.68556908 397.891995404
-370.176856676 92.3419833675 126.889524721
-368.350058898 -61.311014763 116.16282577
