-43.7484561384 10.1638677729 -131.002465782
-116.743477295 -119.486120005 -132.365241722
-195.218338965 -126.692424217 -546.961112824
-409.157901819 -12.1437209789 -956.300298259
62.0803946586 139.813920729 -132.055819496
187.106129456 81.2557970994 -468.030210509
172.4612326 107.356791203 -896.848994416
-66.6562385725 15.18033094 143.276918138
-23.2480906312 3.70023569378 413.772056031
57.5902507977 -29.0476340144 512.766549187
58.6845163944 -11.0080322782 732.408747129
-1.4840053283 150.95015677 383.516395581
23.581552334 300.308019983 186.333352533
192.928190902 191.443955004 268.783980431
-109.915744633 -134.31133696 391.426408656
-23.6653130069 -312.447048574 191.778293161
182.590855366 -270.956379012 358.644011727
