13.7495058358 58.2979237125 -164.682861457
-120.932863205 46.9832584594 -156.274002891
-117.939689184 -244.955108891 -450.566758647
-98.0284363662 -156.832922545 -790.008190533
191.932278437 69.6125831963 -152.440851441
203.356345264 -222.700820874 -453.333814095
115.696046507 -148.069899944 -796.416224606
-7.69577160486 127.251226466 125.879509507
-23.9965160008 115.550624862 446.679406344
-52.4935608492 9.11653911732 545.435160519
-147.403745405 73.0359260169 724.522732553
173.098220988 135.391315869 491.520935206
396.042910655 95.9906239895 241.434100658
382.898441722 -63.6878903632 236.782380553
-267.98982809 118.564358208 357.988783078
-386.336922984 71.5554914489 59.6277175121
-300.39624232 -86.5612165447 41.8046456909
