12.1818700965 45.8046813451 -232.653194195
-136.262915554 35.471308765 -293.740984787
-129.053778769 -280.902616116 -454.138401808
-106.603613019 -188.389182361 -786.908774632
185.754357974 56.1380558813 -228.197474554
185.463687452 -252.234293601 -514.225782422
104.310599403 -191.890786019 -873.615538448
-5.95808794391 145.728324395 88.4283297197
-29.8355302629 165.651420152 412.727533646
-43.3128388888 58.3684690998 569.285561597
-97.81712003 140.177832863 754.008446715
168.828642406 177.547653431 512.225001567
392.107332221 71.6504884417 332.38495121
287.703771537 -85.0835946301 357.05974755
-275.835772995 157.357415844 376.941413862
-332.577731251 46.4799726346 86.2799310598
-216.181929101 -103.039568472 152.509461583
