-6.2778988197 47.1682210455 -165.506370715
-148.530084539 18.8466928457 -156.938329184
-143.796817951 -201.512229013 -484.137285943
-139.693819714 -66.5971842079 -820.283071506
160.527223287 75.4897317796 -156.745772202
176.131099559 -134.023766986 -549.45284517
83.398768946 -36.7347067042 -909.026518362
-21.6798448194 108.653511189 126.305865803
-38.6558396812 100.043227291 400.211547547
-27.9958770582 1.1865699802 546.17556631
-103.306765754 63.5719627531 736.92654432
156.016669625 140.996117298 445.647571687
375.624965862 89.7237587467 315.820741198
358.57175721 -77.0958816586 337.336953842
-236.616632078 74.1634342575 423.406879337
-336.564028885 -37.678348241 75.193228433
-163.106495867 -171.442604679 143.226606435
