-13.1438221095 47.865351699 -141.231225782
-156.127465839 26.0540728298 -91.7902850888
-214.387875058 -153.692908865 -496.816763239
-221.193413305 -1.28968080067 -839.833919224
166.634821535 69.6766044464 -150.815779348
174.861146434 -100.812125423 -566.167489959
92.5245518885 8.67451731607 -931.706887787
-21.0231634526 92.7775073638 144.886855288
-37.0619621939 73.3824974673 407.277852877
-17.6578100611 -26.3305332919 541.562882628
-94.4765960291 25.5770313411 747.442327135
168.335459692 117.333998489 453.441097168
387.357487537 100.626461905 322.149970105
467.243986078 -64.7412458294 259.896902772
-231.114712203 49.5856716759 377.929358508
-338.481399363 -70.40419796 146.186195512
-164.114029155 -199.137745482 148.996239338
