-22.4421465591 52.7332377777 -156.430600313
-167.261120201 10.1807827341 -160.486461506
-223.36947682 -155.803776514 -509.742041125
-236.508865517 19.7291387801 -851.29067212
153.140441373 95.2856822633 -161.782323612
166.425780753 -58.0307071027 -577.188155062
76.5760233469 60.2213417249 -935.380086095
-30.960351686 89.0619998813 147.058940193
-45.4132636411 58.0119460032 410.014369612
2.23205687649 -40.1245241883 564.672538562
-31.9256974395 10.5506279942 754.49656078
149.093359776 124.956049131 511.874262981
372.439467512 130.034814288 326.52399311
459.701909001 -38.0132665351 253.881025963
-238.529481975 11.5520787292 437.406335703
-279.345742665 -126.497190792 142.753265289
-155.023333484 -251.744555807 141.154875713
