-46.6302143174 74.1911745431 -119.951192811
-171.68755762 13.4524570267 -102.123798152
-222.850691907 -125.365141512 -513.060760016
-256.365368646 71.795118573 -789.905066622
81.782650404 134.929863038 -102.098073385
161.600725272 3.74557891002 -521.390342148
74.0695042369 103.874808436 -936.35469396
-47.7499111682 80.7273103186 156.644981213
-45.4373455224 27.4656105215 386.531723626
13.5770489884 -61.4245028149 521.447006825
-28.4255138419 -25.3283186324 722.882994282
142.62629192 112.725163107 432.725904494
365.92478867 134.167335431 306.56904308
468.209997256 -37.4001100646 234.523930967
-233.824737178 -35.6487447962 415.72852542
-265.971699737 -190.073840122 124.539922275
-69.6510432752 -298.950228722 122.551946911
