63.4013373133 116.046401507 -70.6790414713
-79.08160362 149.765916287 -52.0235532352
-166.619820948 -23.0339110884 -425.315045769
-157.031863567 74.6205882969 -805.814844932
212.448798386 82.3269103471 -36.4542160798
352.268789557 -105.088527474 -406.861317801
451.465157365 77.9491169058 -736.001583636
27.1200998159 85.1203278803 176.77121137
-62.303481725 -4.88572770583 380.893283702
-104.38347879 -105.163194323 464.586979098
-148.939575217 -85.7374438054 672.153247573
122.834410142 -38.9351528793 421.091736961
371.416950495 -132.277760967 241.143175214
216.814987897 -271.224640113 141.492379354
-234.701580752 71.194740758 341.656867979
-356.645938375 143.500004064 71.1797739455
-521.925229634 -32.4548557721 -30.9356479808
