-43.6313863206 72.8613285119 -109.792037035
-175.459462369 4.59664450909 -103.280535444
-231.289615995 -96.5779856862 -504.136853214
-328.934628686 83.1756662531 -894.21323869
113.62207374 141.126031719 -101.795150292
146.536919829 26.0847843222 -497.218190665
115.081502466 131.535726425 -907.612456678
-43.6707639655 70.0265282328 170.448774576
-48.2277531774 5.88578627854 425.128539345
25.7987664623 -79.6723114227 535.600657908
22.2838314807 -44.8982231551 738.96908378
125.712023143 100.748027338 466.800297893
328.473357275 150.592079675 336.524886257
412.929925834 -3.55825333809 202.619147029
-222.385739395 -64.900913261 395.395845699
-192.55487681 -207.528137796 113.878530804
-65.7875573106 -304.183302757 95.1136645895
