-64.2934412759 90.4340957151 -101.559924008
-206.056920951 11.782308936 -86.2667704762
-202.244005731 -114.013894604 -468.653762742
-294.40899874 54.7198885645 -855.678276205
69.6719347103 169.085852575 -84.3443941323
156.275387759 30.6274377547 -466.895921228
136.637432841 113.407824893 -926.906057503
-59.662991404 77.3090249672 168.576519432
-36.4851918774 3.48029360518 407.9204973
23.3443984124 -80.6317903805 512.609565217
-17.7955618352 -50.5891526473 704.602284366
128.806729259 107.119946579 446.446760869
325.873480704 162.846864385 321.099128066
406.597726148 6.78304775577 195.56170721
-203.036711694 -74.7006231338 378.76414048
-217.821017643 -224.765485091 111.522885923
-46.0142829095 -309.469589626 95.5234013517
