-56.7298340018 84.3909955292 -115.682429121
-198.052004282 14.6621373526 -113.366000846
-251.558402448 -107.209795006 -499.389258826
-287.236308855 64.6033823393 -882.951949339
81.7776973274 154.119905111 -111.953474863
166.355844298 5.5333522506 -492.915271108
144.961266798 105.270392497 -878.255505325
-55.8082573073 81.4593765764 169.67031902
-29.7065528864 8.98057998819 443.065326005
23.9162942118 -79.7131446005 541.157331988
-9.98676298544 -44.7725202062 743.881477429
136.880512629 106.59186919 479.915142106
277.598509268 150.216254327 293.727873364
412.567874942 -15.9463473426 229.987340243
-197.142141038 -63.0553177528 412.68538217
-209.57016545 -191.631997329 81.9402823351
-36.8893672817 -294.661316513 60.238353562
