-34.398852116 70.2794749723 -125.890276829
-171.706231509 15.3480203796 -116.931901211
-222.010957738 -154.309386173 -485.948507736
-236.572644386 -4.97880034517 -871.753150946
117.809525371 125.210951498 -115.394823154
208.398440175 -69.7171554433 -480.11744164
193.429464501 12.1754310634 -874.916091027
-45.2573600412 96.0325479522 162.784538159
-58.4105353064 46.7401770346 459.255123704
4.23632468736 -50.1011340162 550.815833756
6.45425381911 -6.07387038496 762.721236983
121.74456674 124.758117523 438.89469823
305.777460392 156.299210755 298.562641355
386.743624442 -4.15624458605 169.595535028
-231.373737998 -8.19414657427 421.893889314
-266.914938191 -119.866964794 94.4144165608
-153.368290283 -243.291467378 69.2498274455
