-33.5854395039 64.7121653206 -127.237256749
-155.179182536 18.3563987356 -111.312772765
-202.403157694 -157.578224422 -491.896704627
-213.576888623 -20.297953058 -884.331466695
89.4111108173 111.067960152 -118.892154663
169.38242814 -74.4939793504 -489.28790323
149.180439543 17.1826438855 -877.864390406
-40.2422345409 95.9516044861 162.415449938
-35.6690890458 56.5107453929 463.022301988
9.16299409692 -41.2901340785 557.566262732
-20.9143755006 7.80359031567 770.855606009
147.327887199 124.064390996 439.39886837
331.527002629 135.952651073 242.762473865
406.77825763 -34.0373292203 166.487869416
-212.630463588 9.49467626372 428.401492935
-306.757510649 -100.258177221 155.111690699
-146.476458297 -223.119706316 75.096282859
