-26.396990748 67.7151353764 -134.993776791
-180.247667278 28.8419612823 -126.140439701
-173.869456272 -184.192386444 -483.221000566
-175.890171254 -59.5201798469 -866.702528914
110.792422659 106.588329551 -119.167035152
189.130796369 -124.456854281 -480.423064753
171.989830834 -38.9164025099 -859.938489436
-34.8827099334 108.67064982 159.481594596
-16.0320788373 71.8767789046 449.561875516
2.99288016923 -30.3444352622 568.533861596
-3.09657966829 26.2018638265 799.260755596
157.737347256 127.858441346 472.64346357
287.970053753 125.097611039 222.198532756
340.04253871 -37.8401617302 147.077850473
-238.055902539 35.1547187938 413.981950054
-288.494741367 -51.3407356655 138.731509129
-181.976392346 -178.63831681 59.5791000941
