-16.6021748316 60.7899135521 -142.622186491
-155.910857706 34.1960302446 -157.900153183
-200.479886953 -198.750316846 -439.248682325
-145.970357885 -75.3950532738 -805.330002512
125.718334942 87.3837969674 -112.116227147
185.842436322 -152.949350453 -496.020761058
182.033935671 -90.2418779782 -924.966890138
-26.177338721 114.347137065 153.183289953
-43.5516987577 87.0986849031 484.429941859
2.37542640769 -17.4193923465 565.880010539
12.0559555418 40.4075666045 770.446228696
167.748778403 130.665906468 459.255734569
292.340939981 118.620551066 214.366321558
337.52357043 -41.1962862252 142.481680978
-217.530403042 62.0707675169 412.090703058
-313.134263231 -13.1706325617 153.901684501
-226.686483701 -150.242324769 72.5550823198
