-16.5974578513 62.6970599352 -140.051017284
-152.191631643 34.5083068828 -156.360623705
-200.186545953 -195.162877944 -440.181609615
-200.524338847 -61.8490070232 -805.232253534
129.238072864 90.8858089256 -111.555065709
190.98351984 -144.481536329 -496.470732531
186.964649865 -78.4362682727 -925.27720886
-24.0163070928 112.150204461 154.784080791
-38.0955632199 82.5188695247 484.038280417
8.90218773426 -21.740297233 564.688459213
18.0697421408 35.1677722471 769.612764872
172.947522795 128.227747065 458.594221605
297.943747962 118.585384398 214.009600594
343.385273485 -44.9120668998 142.542521194
-212.157129375 56.088435325 412.194840861
-315.154598997 -19.2566600452 154.520746328
-221.222720905 -157.961477785 72.3403915252
