-13.5642962488 57.7893691803 -157.743183305
-152.047512642 38.9640080352 -159.518537276
-202.844893033 -211.939146195 -436.662118091
-199.605501023 -92.1660128288 -804.901295673
133.231165109 76.6147261463 -160.465639756
191.417123115 -180.27043856 -502.173784991
179.099717485 -114.771387129 -925.311063822
-17.3302902612 120.747913235 146.438384454
-35.7464754233 101.231528254 491.734406635
6.66750363653 -5.83817746585 576.43971806
19.2107044218 57.2159220306 781.44419192
178.190985721 135.256554196 465.506000547
303.743575199 108.709945295 219.839426261
345.908241717 -55.4490289525 150.035840219
-211.85826656 83.3781190964 419.27468509
-316.809587426 11.5323939549 160.516470234
-231.889276652 -132.524464913 79.0598817574
