-11.1962476578 54.0461989854 -156.38625733
-163.376433893 48.757999129 -155.908536764
-217.172468142 -204.498240359 -476.240378342
-157.559735221 -80.2362944583 -794.286292783
123.691848573 59.3343973529 -149.439805422
173.624745036 -196.353654731 -492.027370957
161.818930399 -126.363836033 -910.838880545
-11.8203965077 118.304480342 148.048780214
0.172104856214 100.868114427 502.252170516
2.91337090298 -7.83782662561 578.056882289
8.9656792274 54.3351696734 792.658488629
177.3519475 121.945306524 431.143912099
343.188185531 93.8875341497 229.332676399
341.29014699 -60.1626554769 99.4856219962
-215.467518129 97.374296775 430.476459462
-325.453618278 34.1247189585 175.626189006
-251.073814443 -108.156855201 94.3463721277
