-67.1345946591 94.9261698923 -72.3759186274
-174.461192013 18.6765623338 -36.6036201781
-229.187702173 -87.1330332532 -487.060940838
-340.733893183 75.5675116078 -878.093114605
44.206078081 171.17580867 -34.8429701894
207.995919073 22.0965615939 -415.432751605
204.654297156 105.505618029 -818.731332904
-61.5207570674 79.4728451584 171.069169071
-48.8273748301 8.53889856948 399.240657982
31.307572029 -71.9511872217 479.03258779
15.9717447274 -40.7473473444 693.151018587
117.416808676 103.802255303 378.684899222
291.334361412 123.751243322 178.53017636
223.348615027 -53.7101801328 166.304192193
-166.000916501 -69.7891493824 366.293986443
-171.127182863 -227.773221631 101.259246454
25.4104374504 -278.121139789 160.74140083
