-6.7491596173 45.1806337526 -157.534596249
-135.951948702 45.8478951666 -152.361874582
-193.347027998 -205.000407348 -435.370772231
-183.358158268 -108.941489881 -814.315169251
109.973707666 44.5133751931 -154.536859322
152.946290939 -202.650499793 -505.651502224
140.754476141 -135.225106238 -938.478777644
1.54188356023 115.869559253 147.06781981
-3.5671118335 106.504552254 466.91095232
18.1188648276 -0.247025232857 582.611298543
52.4570105475 65.7427739982 810.740036959
216.62252585 117.814665437 438.837959027
335.659242614 75.0428553118 233.193621535
328.223793489 -71.7354243398 102.711260624
-185.280488459 111.973226224 440.952561361
-350.548824342 70.80588376 185.285758679
-284.583487649 -75.4954675149 97.7124039243
