4.13275695226 39.1192140626 -158.462742169
-140.414777443 69.7238598229 -154.294475394
-215.600491598 -175.554416333 -446.047044196
-201.957523384 -98.5443704248 -835.925674368
153.337120237 8.51458869736 -157.801365279
132.448364953 -217.717079014 -518.776042894
67.4745395805 -151.406044581 -962.70413351
26.291104168 110.506745649 148.263585567
45.6061880326 104.068999077 476.740577354
22.3350358459 -2.23523883441 583.849486824
51.7932873204 61.8845967416 780.080595255
221.936570679 82.941134326 448.225162054
344.7761828 8.33036887074 243.41537446
323.342617082 -117.799018346 106.851389744
-178.352457476 141.337986358 451.922545531
-309.850047038 132.58897429 247.437273576
-294.539573765 -0.702528745151 95.9149038558
