-9.9398790734 42.1831420378 -151.910938704
-149.052654543 53.8146983591 -149.398027443
-222.304346089 -192.335545063 -436.545026204
-214.358769803 -98.1089378716 -818.631905636
135.572361005 30.5515857253 -153.540899593
125.295749199 -199.594831093 -509.928069746
111.988964446 -130.944304312 -944.317016142
8.32071060753 109.786245497 150.60125739
32.8337459588 97.813015528 469.689859666
38.1242465808 -8.58418639858 580.518295442
91.2419813418 55.4545545206 767.885678196
212.134786736 102.740260434 438.178151943
324.663761155 65.6961198119 178.066615323
367.481163753 -83.4607598824 88.4638070028
-189.561594452 112.65882197 494.259145418
-321.056001985 89.2103865184 245.372433545
-304.879146736 -48.0263491716 103.30462068
