-34.4541754526 93.1600619902 -62.9092435092
-153.006226105 42.9672671422 -23.8132328909
-225.8212394 -88.1431682331 -471.02372208
-380.874583215 83.4189464587 -857.578373602
125.983354749 143.352856761 -22.4086272765
225.067059583 -17.879651552 -399.122612239
226.300271216 79.6219591507 -797.966669569
-38.2979410887 85.7657436902 178.033857291
-35.6310943306 17.4256045351 402.187644964
9.96661752652 -72.2100229579 490.350122254
-29.2416908037 -35.555443551 702.374877372
129.438628486 86.5163193334 389.257750509
309.604405034 98.0368818019 186.682664031
239.281639912 -67.1885114808 101.114460838
-207.399090251 -35.300926903 374.481829444
-177.279622344 -168.171787698 95.0325455861
-46.4218125055 -257.342006717 83.3403919591
