-14.6570104885 46.6782313863 -139.151280572
-170.576581529 62.4877540733 -130.083373207
-182.002516667 -195.697658014 -404.197255175
-167.431914606 -109.484221296 -768.160464507
114.097130147 30.8687141403 -136.038926514
92.2483119259 -213.97237649 -477.626280833
73.9417994833 -154.35219615 -898.439113869
5.68747414694 110.49801315 153.664827126
17.8891498351 92.1445787584 468.861393483
37.2708071973 -12.2752269804 571.995883853
73.3202776299 50.1691467344 759.252269742
231.021077821 95.0230271764 428.42008241
342.221701792 88.9159402866 113.652855422
325.228328221 -54.5732085257 -46.5828795018
-154.819506556 111.145153185 493.959615958
-329.176178947 90.7339936015 251.821101942
-265.961078559 -39.1981887326 115.157276452
