-21.006454655 42.2711325348 -134.474699417
-185.699733528 59.3330115121 -93.4624718301
-187.046101582 -179.136150762 -420.039047078
-117.960022093 -74.1159734028 -735.369855814
94.2649213235 25.2092618032 -145.997314706
76.6424729632 -209.845227084 -494.066886329
57.8634385617 -149.284780042 -924.13887444
3.90290861364 104.974004249 153.534940688
55.8570639098 88.3170026113 456.202647968
48.274948012 -14.0328534773 566.35263025
114.673312654 47.5377077174 756.71598374
231.222649332 91.4506206802 420.564694246
333.885728595 84.2404679732 98.5356013617
314.934838435 -56.0116066186 -62.2176895101
-165.10863721 107.706037273 491.196965918
-346.282360788 81.2378923826 251.318810248
-277.247570584 -50.8291797261 171.18376112
