-20.4798147858 31.4911990223 -135.269515633
-189.595303745 59.329651739 -94.7224111162
-195.397994345 -168.014991577 -420.580620172
-124.605020688 -67.7546316809 -746.836352988
90.6189985533 3.65276396845 -148.607726998
68.586703965 -217.608971182 -503.039675875
52.7572621389 -154.896742738 -939.258545369
9.85996265421 100.489353761 155.126413167
55.0133007986 89.4823003463 463.264270957
45.6164944224 -11.2357007871 576.3810866
113.392005632 52.3941779368 768.286838342
231.436088103 81.2189560998 427.448311032
333.250406171 71.5940551587 100.464689709
314.487569878 -67.6860351951 -64.0225445008
-166.909341509 118.859752311 498.459411886
-299.21033232 103.686695198 252.856847778
-283.824342644 -27.1948859107 172.468690008
