35.1947597516 89.2651320807 -98.6568303364
-73.018473102 128.263049673 -78.3231471268
-238.560997237 -101.100940461 -461.195467484
-368.491407576 -35.2686803865 -868.782010091
168.536123006 50.2672139076 -78.6413836034
241.418068536 -138.050549122 -458.24405449
327.82086642 9.42627982839 -798.815890886
35.1281525684 104.549516463 166.489707988
-16.8175351318 51.2835347166 424.901570031
-33.6903911247 -49.9580331003 514.438905497
-35.7075866589 -7.47156721052 736.170332163
167.107671305 14.5745721865 411.511891745
336.697115338 -77.3424393133 204.531135183
171.268090269 -202.248622695 120.742229049
-195.146104219 108.886589832 396.783099418
-255.194576598 108.531158463 122.750804489
-229.911254365 -58.1589728773 98.2690158584
