-13.7716335473 33.2150421563 -117.243585586
-179.463126226 68.5462627441 -92.00137958
-189.042179481 -135.728830295 -423.070265245
-116.766086741 -29.2217609283 -744.983365002
94.3207025118 -2.11615437603 -97.8211265242
69.7078150971 -197.291160007 -503.681066312
59.297715167 -129.152507357 -943.067406948
16.6899904708 92.9372759131 162.718047799
59.9167327107 75.0313014517 460.03077504
42.9933788859 -22.6369449557 566.003077253
116.481384779 36.2727111497 752.594356355
232.752467979 56.5920403663 418.065858631
321.572842707 35.0197974441 92.9394749389
249.326630405 -92.0739656306 -70.0472097935
-157.535149866 114.457986541 494.740272192
-287.515735249 111.839475308 252.125563145
-273.054013809 -19.9913820776 164.380405588
