16.5992752787 103.812205759 -96.9930870666
-128.625959383 113.996515196 -76.7303252564
-227.625005084 -118.581685844 -448.129897564
-359.012640136 -28.2798705589 -850.98153762
169.241140786 93.6278839326 -74.7014153333
262.099846917 -137.458431953 -441.445344663
404.402900084 -4.05242230643 -785.179781792
9.67004062922 116.270188802 158.67135614
-25.2452459962 60.0526305351 427.197023956
-29.7928591441 -45.1971662429 492.84972166
-31.5884012831 -2.21889807407 684.191648322
160.833863071 53.732231535 415.08425396
346.120829487 -26.3037905179 207.585150393
173.667966598 -171.094492388 136.753619398
-207.449795934 85.3299677314 347.156767057
-316.922352129 36.049698412 125.415342768
-219.897146997 -129.57394101 116.322539226
