-8.44633125385 24.5265287169 -144.196716393
-136.910222946 69.9629075842 -107.594569298
-197.583699813 -126.225776663 -457.020188015
-123.112978078 -31.7796962491 -837.860499408
95.350915388 -20.909824352 -159.795827925
66.371179262 -211.118034923 -526.405793003
57.7311384267 -133.714020441 -982.535030893
21.8850264448 92.6802340524 153.193203176
53.6731602978 87.2789296192 469.403307755
23.6872273505 -11.062858643 582.60667371
60.6951647278 52.9911136359 771.966171471
226.091628612 57.7971424962 431.404417572
335.617388376 0.740124814068 167.062935958
317.813963076 -130.337382497 90.481179625
-167.730302489 136.617593403 495.026967824
-299.67462887 136.897888927 246.214984722
-288.332705984 1.04105691651 167.650704206
