-0.319415870948 33.9172850671 -125.410999065
-125.278598636 77.6181923495 -103.812479484
-184.476669695 -106.099837946 -457.555479277
-102.000694916 -4.16178165411 -839.731572011
109.707852153 -9.7836030866 -106.578051108
74.9809395144 -185.751900871 -522.555510825
69.7131265408 -100.15562533 -966.826885629
22.7616094257 88.5068157432 160.785063877
10.2134554787 71.7886866885 459.090105358
16.6171753332 -25.1693236524 567.009253274
63.2810155346 33.4922342635 755.128298979
226.826973665 43.1288899633 422.427375968
332.416784763 -14.3055935008 160.309960395
256.374026568 -137.022338914 84.125341198
-160.352572109 121.812021345 483.820286693
-288.773709091 122.834517922 236.395125106
-282.631929784 -15.5030037788 159.534732446
