11.2709254357 41.85658687 -137.368729246
-109.593008882 96.3628109577 -103.137435698
-173.933697092 -90.1082057922 -457.156529318
-93.2745686182 11.6743556548 -838.608620469
126.254669375 -12.6495791528 -153.216679931
91.3674806912 -192.179519036 -524.388020179
98.6840657216 -96.3816172049 -983.244094148
30.4246496656 91.0801164094 157.324721866
19.1748592661 69.6139062867 473.008026724
-5.26435336777 -27.0441219964 570.779404852
13.0008936975 30.3929406648 774.500292322
191.528648522 26.804462002 438.120355863
346.62307515 -46.8020890791 175.903584023
199.260236454 -160.179524462 97.9025953351
-158.558099479 132.952040058 448.62429512
-279.732600597 134.566492054 245.361350022
-270.801954223 -15.5809064851 174.669940148
