12.3098568032 41.1498811378 -120.129418544
-108.252344861 94.8868739106 -100.235256059
-172.086000067 -77.1081561808 -459.802380155
-92.7530781016 28.2911261227 -836.843453102
124.697765995 -12.5870592682 -101.664883538
98.1804585828 -175.059285514 -524.57673384
99.8873826497 -80.7053022643 -972.597689284
28.5700316104 84.7753417084 164.682864798
17.4402937724 59.1504311067 464.827448748
-7.8659882304 -35.663350754 560.448151025
11.0142473374 17.49660343 761.99500243
187.884266416 17.9552306601 437.282755819
342.047749297 -47.8142452289 168.876108955
196.973918444 -159.258936971 80.2863737681
-158.138098389 122.754071711 440.884749372
-277.330198574 131.239250964 238.327675484
-269.566362514 -14.5969858476 165.984753056
