25.1187429502 58.4429974221 -119.094665899
-104.78610867 112.697633383 -99.3531473394
-172.122801607 -80.0757578872 -444.948165649
-91.8541331054 26.3177208095 -812.043523533
170.424240712 4.18841993987 -98.1163008147
97.2161484324 -179.518457725 -506.990032138
155.459819736 -71.6289451578 -941.757150964
32.919047614 93.7310484965 164.289418594
10.4667047197 59.7454429174 455.003705116
-19.6923975865 -34.1470014759 560.083709969
2.71255126614 23.4591078657 791.364205684
177.156693405 13.2910849335 428.834316628
273.439851745 -67.6429286883 159.564023487
178.086031364 -177.878479326 76.8255413968
-160.165956584 124.878757064 428.308664894
-270.692408332 122.442617034 171.37523041
-265.340633096 -34.220496387 154.568529817
