8.84540602755 34.5979030743 -132.882609393
-126.171773514 32.7009737217 -97.3209550087
-118.786639876 -157.755315902 -515.976263895
-95.9927041325 -36.3310656302 -841.531453566
166.968402382 36.4948351555 -144.328831155
166.478186389 -159.487366514 -529.443412626
167.098346141 -51.4084772326 -917.091592086
2.97685548515 95.2398182019 162.931064137
-5.28004438748 81.8698612877 490.221640334
-8.67704152158 -19.3932374235 588.117638327
-7.48000409505 45.8744125433 798.274474821
171.067498952 86.7457226218 463.785481159
276.98439926 39.9550333279 184.857319527
178.624803553 -91.3908614276 98.7976023475
-188.188203284 92.4719408655 462.273239289
-300.162646154 57.6404086122 193.736923104
-285.159621234 -87.824585283 111.327752042
