12.3329596326 36.912508523 -118.251228424
-124.83812339 44.4593387811 -100.073965191
-121.955464231 -125.759705465 -534.377612003
-96.8807613482 -0.130118582898 -857.224071021
168.857314537 29.3656830304 -97.7313999977
165.725563152 -144.994293607 -541.625905386
171.131714249 -7.89610136668 -865.462649311
8.10174856714 85.599135461 170.204608045
-4.65685491828 63.8608858864 485.273576537
-14.4509451095 -35.6701616225 579.958221167
-8.28611067027 24.3140981038 794.804947196
172.668424191 59.4965063571 459.828762366
278.782606527 9.56093965377 177.641322923
179.251304899 -117.877792533 88.1502899125
-187.853351059 87.1690555722 457.517964891
-301.215033205 69.6183796714 185.606820018
-290.731228734 -78.2162188132 99.8634481704
