-0.580655676172 74.3498211432 -109.55536664
-143.121263473 64.9123556206 -83.9844616286
-135.67543361 -175.381152545 -420.917974383
-124.376169676 -73.2630338628 -782.443985392
139.870103487 83.7872733584 -83.9476648271
204.862477358 -157.113712125 -478.319491099
198.577801724 -64.1628438822 -857.614911976
-6.23429689858 114.780344676 163.548253516
17.0148663721 75.9654200867 453.515312847
-4.79968080042 -28.1912929231 543.028403243
-30.0521892793 27.797982408 747.226794761
185.632579681 90.552764215 425.809355893
283.460896884 55.9638165094 109.823773246
133.941498055 -83.882894919 19.3473285593
-198.416545847 78.3189840386 434.546355937
-305.892942702 25.692925601 178.943481347
-225.82567897 -110.491401637 103.89009059
