22.5137972515 63.0118615784 -142.574437656
-119.028112198 88.3265222234 -139.356455508
-141.402923961 -139.274301459 -500.991058036
-179.819097568 -20.5904332148 -779.126321606
177.538961867 37.6972395997 -140.06887782
176.347261506 -172.229973095 -521.705966599
173.854499727 -63.7307919968 -910.356377415
29.8380549324 108.933964548 155.239023287
58.9542619632 78.8815276656 464.83051406
7.48323831067 -24.6279248267 576.88622813
3.42144197477 36.7965245205 784.908014847
241.341004627 52.062857997 435.005317974
287.771447809 -39.0673193218 139.16148401
108.931772474 -159.991827415 58.1203371138
-175.916834948 120.284377701 492.062436571
-311.156038855 96.5193720112 232.59913457
-300.83764444 -68.606772263 153.721420286
