22.1882730277 62.0893040724 -144.216152329
-122.160264733 88.6615969691 -140.725614918
-140.270409582 -132.196456361 -502.09713638
-115.167411526 -6.7942737669 -778.713315004
174.163802959 35.517050425 -140.147756308
170.789676752 -177.282791713 -521.908792337
159.880843884 -64.868440232 -911.099447532
27.2547351638 107.92652399 155.050403553
53.9822216916 77.2790910199 465.419921044
1.46759159087 -26.0922755146 577.863837644
-2.07955541747 35.0292087048 785.893298131
236.394276701 49.8446791932 435.949677379
282.758629408 -41.1690113582 139.68900914
104.171956539 -158.841752626 57.951027167
-180.70410986 119.923259899 492.249628664
-315.82077741 95.3802633405 232.448672163
-305.938879424 -69.1750632191 154.228833156
