29.9206832405 69.0443716943 -140.53076897
-121.655241061 116.226002394 -134.481089937
-149.947823593 -96.5497047743 -446.019242434
-122.022237582 2.54523931305 -784.110427323
172.620506754 21.8628216221 -143.90093282
162.183318512 -180.09535045 -526.656297525
155.82416161 -60.4855711423 -921.671620354
42.8424016679 106.062310817 157.117350297
55.101382624 66.9143506798 463.355351232
0.140503119731 -33.1513498882 571.730735139
-3.87687616209 22.6884362712 777.166374597
236.728145405 19.1396264907 433.358440655
278.785998889 -85.644708946 135.149278808
96.227534323 -194.813551842 42.7273507594
-126.843421236 131.110914803 491.464587931
-317.187421959 127.94567153 231.849849385
-315.93802655 -44.0495641993 151.055703902
