10.5123360914 47.1250777118 -152.882553585
-139.745147294 68.3780052496 -151.709145836
-145.867982167 -154.064745538 -472.561271993
-134.596961801 -43.3374756126 -810.746830272
164.345004443 25.8721867957 -153.555322273
164.977537078 -180.369481663 -548.057461386
160.582904745 -79.153345708 -962.707732753
18.6097385097 106.286159706 151.974814646
47.8518517565 88.7380895151 465.347326325
9.97407727871 -14.4516130878 586.40484989
-9.22611291656 50.3704189175 796.034448606
234.73144322 69.822657543 433.338748156
284.0764493 1.2110356175 127.966996528
170.451056511 -127.49585191 28.3900875597
-141.919225986 122.724603211 496.833570905
-332.680553637 84.7372127435 296.952427423
-322.980263266 -68.8428798611 224.867448834
