81.5510855995 106.071487737 -50.9412394989
-56.3044887963 176.444513498 -24.0607174866
-177.260050437 14.5700538088 -386.85854598
-293.612537142 74.4457383965 -786.100582184
218.967341043 35.698504985 -23.090135615
295.057312143 -84.74422985 -401.685311551
458.431947454 85.902143252 -781.245928133
51.6076312994 69.1240870316 187.738329148
-44.3948494934 -19.1306129881 397.22918605
-94.838031445 -104.683696515 463.235648282
-133.129375505 -88.1327575958 684.704907789
130.841943201 -88.6460592751 380.500643312
305.148389329 -199.856855176 179.17004431
128.712130552 -318.795062251 85.4622546434
-156.421131228 86.9893736042 363.589468396
-262.405442781 197.743116318 94.5874227411
-413.631188353 47.8495725953 -17.5096623431
