38.5328938856 60.5735717395 -138.16275462
-95.4382939024 120.725808643 -140.820520218
-121.876872829 -32.8708727663 -525.499933151
-86.3044906409 105.089167806 -792.436238291
195.530337992 0.421473918193 -141.680724725
182.489258975 -141.4870727 -605.431479852
196.186668642 10.8649379688 -940.63146536
39.68821576 79.4172621142 164.661235847
16.0624929899 31.8892753017 472.330575399
-37.083956262 -62.3867187524 575.95763218
-58.2942545871 -14.4454305033 790.196690502
198.46818387 -24.9487032874 445.703383899
294.304850638 -117.817786449 156.345531
115.83089254 -232.361736476 59.5218942475
-162.764933138 115.009848811 500.767535347
-295.144745656 131.921087627 241.729699245
-379.049094909 -37.1458840496 243.647752584
