71.4133832282 68.1665068067 -159.978407961
-60.1795663701 159.726230231 -170.584357229
-101.170250104 21.0926042666 -491.831785564
-57.8762078227 117.131388076 -839.461247808
222.289224711 -23.3930798692 -170.368779112
139.516599556 -160.866655132 -572.270774618
222.103352795 -25.1333677681 -978.042516866
71.6167954076 77.940682503 143.195666247
29.3155060334 40.9118414961 448.620860351
-40.4230234892 -43.453961595 551.708044833
-46.7674367363 3.54532957662 769.049306758
209.092732015 -52.984531776 426.39458602
245.938913142 -243.372785011 215.609205079
41.3889494862 -334.845166924 300.792190025
-135.941467843 152.434263392 422.317639961
-272.896835971 197.22261296 206.852294315
-434.813512936 16.387389025 223.148750017
