66.2164930436 47.1626642941 -147.917365191
-40.9348897261 160.388801549 -159.457219589
-148.249656442 56.1698951636 -494.968879402
-43.4846811803 137.67181091 -831.465838696
169.584001891 -66.0633266276 -159.302286229
146.494276787 -153.725931322 -578.249894742
243.429957732 -17.7972041824 -989.665441175
68.4231255604 54.0733310351 151.756488682
36.9213049055 19.0632202585 448.47398162
-68.8707172652 -53.4399230662 542.662210529
-107.862161074 -21.3046227209 765.810399511
155.322322682 -92.4409468961 426.510990289
245.796566241 -265.856452666 216.282090062
-21.1536536013 -324.302791431 297.613485408
-116.117401835 152.917768371 423.197388612
-178.283185871 256.603613015 213.266907279
-341.462800541 88.5326419918 207.640068416
