64.3373515557 39.1916222824 -142.276796099
-39.5565014672 168.553413858 -156.875467488
-153.326039149 82.6625811662 -485.439606371
-48.8360804709 136.093043075 -815.547085799
155.936243241 -90.1699359812 -158.955449629
133.500759833 -162.648873733 -629.607482725
246.207993388 -23.5870006592 -976.112730198
66.794679221 41.4492813591 162.603544566
27.2349280317 5.35545315478 508.05358404
-94.4295496585 -55.3733543478 552.143177399
-175.429309366 -31.6851721743 769.80231502
131.897969229 -121.178896822 432.196624869
231.987837346 -278.828701938 215.940316286
-29.4776855306 -309.277297038 209.600866324
-62.6376957359 155.800722652 430.676224772
-157.061990235 291.266726372 221.907848237
-260.440429133 139.404874671 209.862032519
