50.315422438 30.4069948708 -133.536084681
-50.6465606461 160.83967575 -146.499867429
-162.921753675 78.5852763387 -477.613543278
-60.3911160274 130.85010807 -806.77273709
142.321276614 -100.025406226 -148.589562911
122.786333504 -160.774969021 -622.151018654
236.444869648 -29.4863985835 -968.733505059
50.1200194875 31.7817390998 167.427033745
-40.7725979024 -5.54610766753 463.691270769
-118.669960296 -62.3285723644 544.206700831
-202.879450608 -44.2851828204 777.951629957
118.580545495 -128.379473425 441.874360177
297.098777063 -258.438925355 224.311417449
44.259945281 -316.205434054 141.249868034
-73.6243969971 149.655557608 432.476090489
-101.601724617 324.515752515 233.042953636
-268.654147122 205.279874449 229.057683167
