46.4932474039 33.3001786711 -132.988587075
-63.6067415913 160.641398501 -145.484890464
-165.886306345 68.4496549427 -488.942421866
-61.5742200023 132.491849009 -827.776672374
146.718365915 -94.0407867826 -154.290609162
126.125582532 -162.911751043 -573.146212278
226.891006505 -33.8849289913 -978.379678251
41.1708742877 33.7937517769 171.103725703
-45.7109317845 -9.75197859704 467.072878301
-129.023803561 -72.0956446823 549.427259935
-210.345561822 -51.9753197414 786.797188148
120.444078475 -126.581996962 445.657762432
312.900486728 -239.821090215 224.576494965
134.32210277 -314.889560596 124.328072283
-136.476399358 145.116286542 435.023411554
-109.28949998 325.692262007 230.685818123
-274.511962021 220.912254035 223.470074839
