45.2788001488 40.5727380084 -137.60715397
-61.3509294651 153.286764146 -150.918549875
-165.886881413 47.9809105468 -503.267271286
-60.1496488578 138.537910222 -848.528954908
157.378348247 -72.1410202496 -159.105122846
139.033672359 -157.859320977 -588.197606537
235.992723245 -22.8973367958 -1004.25311169
36.0091749219 43.1426307484 164.942371947
-43.4099209771 -3.72472643466 470.941288311
-118.912428311 -75.1578994504 541.42480245
-209.639666702 -49.8857938196 740.647501091
132.26537651 -100.699253705 451.41589545
345.791164955 -194.906301874 242.666715288
235.923737219 -300.55593528 129.982089324
-145.309438278 136.031998459 438.362355056
-197.121620218 274.061227128 241.292260133
-363.516916607 155.808514811 315.919367226
