18.5849535652 23.1698315748 -128.627471006
-90.8503933289 3.18269532147 -101.578860225
-78.6601041302 -198.135477395 -483.884264642
-65.2497718257 -98.0543289542 -832.47692519
163.72803134 43.1569271426 -97.9692227009
237.973976029 -147.336734462 -493.605685613
158.555681664 -70.7518129744 -906.321683375
-9.25815685626 87.951437257 149.36685718
5.5195250809 85.8129451809 442.451090614
-50.6039006648 -13.3981205245 543.748703387
-184.902293251 41.8788624629 719.711731792
145.363181504 111.753838112 431.692898119
412.942103875 116.679685628 230.33710478
359.222591044 -14.8031389829 127.122086544
-240.767599705 86.5082725914 412.85037254
-376.490476001 40.8745558933 202.877452401
-446.384452281 -101.076043566 127.426026696
