18.3355432692 45.1321782021 -153.484979701
-115.731540815 33.710638788 -145.675643796
-103.439390385 -228.258954312 -456.831892108
-83.4713095183 -129.364782776 -785.605221738
201.661612602 56.553700524 -142.737323163
213.74561158 -194.526696445 -517.490441671
129.824471477 -106.212883029 -860.969084088
-1.79707917655 110.927636508 142.462160969
-8.55212893401 98.5830667766 456.589713897
-42.7867064314 -8.40086421551 564.589143659
-138.289509896 52.301417196 732.926980317
185.753251756 116.867313381 498.099007046
390.944841068 94.7854384344 241.225001788
323.676068542 -46.6594621322 149.019822847
-251.213986943 105.487143126 423.953921902
-376.942076885 73.6460539759 137.186387088
-367.965913639 -75.3950131534 53.223938374
