-23.9155979788 66.0043261179 -150.1439857
-145.981005408 28.4591297059 -135.086652244
-185.878751721 -158.015122037 -511.254332912
-129.841420396 13.6407258865 -777.964807453
103.568699446 103.549470148 -133.204532964
170.638959473 -76.3175420624 -528.547970417
83.7700727396 15.4655372961 -930.776189616
-40.8796750365 102.991215355 130.181211856
-38.2420686864 74.4860798661 395.859932487
-29.8894555077 -22.0095232897 520.667471336
-90.9754404496 29.3017657078 715.86886956
146.43038723 128.663229368 438.798310174
360.121863062 95.0564904269 313.01034461
353.586484688 -82.7737952857 265.925797365
-271.913964395 34.0183327611 365.629314535
-302.936762413 -128.618343284 91.0860789542
-52.3470531339 -238.51317125 234.301054589
