-39.1814101166 52.8595027733 -115.465744179
-146.236778043 -20.8494053806 -96.8176579327
-189.879379055 -118.641186337 -496.148539635
-214.491066139 42.47608103 -823.291832373
88.3802933774 126.568355915 -95.7371896316
101.214376823 38.3713356317 -564.726256603
67.3871202877 133.040269601 -976.22581066
-48.1522682686 68.3791583327 159.13728957
-32.2627805838 29.5439222259 428.716289056
16.2517947363 -49.7182836108 532.964313085
-15.9695461482 -9.91823919564 748.654082185
89.1555514935 122.13875744 416.491879405
347.076358309 146.728713598 288.918132559
361.629746288 -21.8601861168 221.712954333
-207.312330825 -47.9963244508 401.380989534
-219.853484103 -214.713293318 126.18129133
-28.8380816534 -295.183538588 194.759959229
