-50.5473605433 74.6012313711 -114.677442204
-156.341098928 2.11686648045 -103.764095081
-196.787220002 -113.340418207 -488.844889563
-230.446485922 57.7222931547 -813.741272544
75.5367219009 147.085549693 -101.214108924
90.2824104733 43.3296928596 -496.395818271
55.9040242896 131.025890082 -957.590263432
-54.4164801864 75.7582912725 157.966776981
-38.4612610405 20.8386624158 411.419725772
17.7852032461 -62.1785154644 522.095800014
-22.2335010838 -24.2943823118 723.118136176
133.092553702 113.444579235 450.963779746
332.69365296 133.429297031 270.291973724
350.432866763 -50.0416982714 203.048529703
-210.406379717 -55.1835782606 383.373213717
-217.831371625 -221.314056805 109.357895128
34.5650882658 -296.025583704 188.257533149
