75.9364415281 90.9495713586 -36.039647132
-29.2887795907 164.796276846 -14.2201278107
-141.00480924 63.8963244933 -397.708023383
-261.880098915 130.798570789 -796.251336317
187.566763276 17.102931833 -8.79516250914
319.687343555 -38.93846447 -471.323089874
440.342168713 134.1348934 -797.609701589
40.9230053923 43.87886904 195.479016208
-33.079455899 -47.447212579 402.1728846
-112.423717965 -127.029266708 447.447803186
-170.936696759 -122.16632835 638.261095749
89.0258398361 -115.454864896 385.848498974
320.95382444 -210.281200182 190.15014341
95.4016636609 -318.436747441 91.3526278456
-184.62983054 63.37678067 372.118453542
-236.150074808 199.092155986 165.796246213
-396.007857731 70.5561274194 2.21252163341
