-63.8934266365 96.7261044976 -114.294599349
-210.888765774 28.2587438797 -103.560319973
-203.351452104 -117.051041185 -492.551671296
-221.501756103 35.1242916639 -886.696179094
71.2761292451 165.193499533 -102.959179
100.523418819 29.7293596813 -491.341865869
60.5783002205 136.72318724 -898.274560132
-53.136083932 85.4492940994 164.821215711
-26.4940991178 12.6433317534 419.9796225
36.8118230135 -77.3365577967 523.472601869
45.5639673528 -39.4142561232 731.271655829
146.913432795 104.82756678 450.327043737
343.22655449 126.810016185 264.736833924
348.720235061 -48.4994214244 187.511351368
-202.852053709 -55.8733723449 393.574497716
-220.804973191 -210.102876021 119.2746801
-30.9089379531 -292.363224447 183.610357549
