-60.4109550596 86.7499876523 -110.390906698
-200.283833357 21.7957234488 -99.618975898
-252.923871558 -102.652894596 -497.950220384
-214.578623578 46.2151921003 -890.605578175
80.5578649597 151.704314121 -106.488423126
108.647277421 27.106064114 -497.445455901
72.869918616 131.250277022 -893.259230501
-50.6727061147 79.8461684694 169.664470288
-16.1195432363 8.66268048285 416.209527318
43.5950069666 -81.568637455 527.3587872
57.7367692025 -46.4129698111 726.149051854
154.942220177 100.715083526 452.950400561
290.871284712 137.252234815 254.336939818
356.55944893 -31.4751682427 175.240952539
-191.158786053 -58.0239681432 441.823716773
-217.043212279 -198.419588034 114.385648662
-30.0769139302 -288.860261468 174.219744189
