-41.029624035 91.4135966656 -121.117364766
-189.098875363 47.6539014679 -109.456647714
-239.835551357 -136.714875407 -481.976326977
-196.121748263 14.8573737765 -873.619675065
94.199646096 135.173331386 -110.97571798
172.387526654 -52.0564582414 -481.86141948
84.5775500571 59.4058655171 -875.534072955
-35.1512573944 102.872142791 164.551470057
-11.385600657 38.4874440363 452.292239469
32.3863817433 -61.0312524198 539.865181202
57.2161596869 -15.000987057 756.295292236
161.238510897 104.013917293 434.887242368
288.335804788 95.1817707787 231.116011076
278.418999856 -72.3786602924 164.6178691
-186.127863363 -5.73639855127 425.832860353
-217.526676638 -121.656640035 97.6944557109
-96.2778823775 -231.242182033 141.943071625
