-34.3001394923 82.1889848632 -121.596871895
-187.108592166 51.6060595102 -109.759612639
-234.428731242 -131.182269892 -483.917449787
-185.212455979 7.67872824852 -877.131472477
105.260340363 112.77195331 -110.765810846
121.79901723 -69.1813737181 -483.764278921
91.4025354513 37.1996315987 -879.930641258
-29.3980230608 102.492391374 163.056995899
-53.7080860869 48.6673348655 455.08558573
25.0475006469 -49.9707738886 546.523783802
63.0507724564 1.91942691696 761.321353203
170.563764205 101.433293073 437.465470591
297.86004127 83.1545959617 233.848435277
288.399307761 -82.3784929004 157.271065527
-179.409093101 13.5714206276 428.346951868
-209.810036536 -100.011595074 97.9974949199
-88.6587836103 -214.762883454 143.350984183
