-44.6245435809 87.4111947991 -133.286781067
-182.372432883 36.2420703984 -123.649381149
-219.4419999 -171.452917415 -491.853686036
-169.567502878 -41.3425658051 -889.857047036
65.5872653047 138.580380319 -125.825771788
206.057855607 -78.343345646 -495.934355099
114.82093775 32.4661020699 -830.596017358
-40.149049479 108.404910762 163.253035776
-43.3549319392 50.7900030136 461.878434763
33.6096088673 -52.0524633911 554.802601061
79.2397920833 -5.68816463893 774.972889878
185.139697607 121.882614936 443.262385873
311.118804075 118.881248781 228.841949856
305.650354089 -44.7924741801 154.102458414
-224.340640109 2.40504388936 436.116632134
-268.948331849 -101.491496209 156.805733839
-159.588866939 -209.795469665 72.4146537996
