-24.0598495864 66.94814016 -133.623800149
-167.260675792 50.6122103044 -120.296903304
-214.368410796 -162.336535011 -483.952749995
-155.729252534 -47.4274060161 -883.257249844
82.7302385739 83.2840898121 -121.981739906
147.178522901 -133.710293672 -492.82952157
121.98209758 -36.1908535506 -885.076859286
-20.2502037708 109.971580405 160.038520592
-34.0021397018 75.3450994748 470.88688632
12.8121949425 -28.7634471247 565.395411278
29.997120779 28.9679166928 775.544333417
196.2028368 109.640076988 444.820758901
320.0153292 76.0808437745 233.266178496
308.882312677 -79.7976520881 158.67294193
-214.478555759 57.565497212 436.777074195
-266.755307876 -24.7680436248 158.089008374
-154.394116041 -147.395023139 77.2554376757
