-35.1303314666 79.4864151977 -130.797790764
-163.374073295 29.6692011515 -118.821828674
-196.885917255 -176.313413215 -478.817092566
-146.589656054 -47.0913833669 -873.188861179
80.0822888014 129.303659381 -119.564208508
217.713211693 -86.7949816535 -485.898426395
133.205731229 4.94201979709 -874.476878579
-39.6637932889 110.068808067 161.36586523
-34.4467216752 61.9527685058 465.127053289
16.9138737535 -39.3463370257 553.250482866
32.6131457908 9.81055530931 765.187763549
140.777961741 127.178210555 440.25753692
313.793989938 112.981235589 230.781409924
246.378790138 -48.2250271133 156.656471142
-218.258417471 14.1324491122 430.753368529
-257.691040043 -95.1307281459 156.044705164
-147.319293517 -195.555192954 77.0105335286
