-42.3272999728 82.8214683122 -126.634976805
-166.997684306 24.4210438491 -113.213932367
-196.440733288 -175.374161052 -466.385558591
-149.541572792 -40.7513747247 -854.168692549
72.1594928733 141.221921546 -113.365076641
211.095978152 -69.1919310609 -473.098250175
125.715132648 17.6728854636 -863.630674524
-47.256510943 106.389838677 161.880593694
-40.4165153595 50.5206789682 460.827786803
15.6981702914 -47.5809522833 547.000671371
26.2468263962 -2.06274849419 763.305437081
131.410236293 127.414886496 437.769401575
306.186450328 136.395203852 238.251253754
306.436220934 -28.1155725364 158.711369923
-220.612647955 -4.39074906416 425.243055258
-256.199672261 -111.444998407 97.4565314098
-149.041511635 -221.509025586 73.9654712937
