-19.3707002187 71.0786704349 -134.949706614
-151.284657351 37.4830979598 -121.019783545
-189.324001059 -191.973189559 -472.775649799
-132.003735029 -79.6492882908 -864.811427415
96.0430810949 104.674258034 -120.989382077
224.28142642 -135.847202712 -471.88926136
153.427833499 -46.7353991001 -865.060624367
-24.3071930376 115.440113414 156.832846021
-24.1347530294 78.1074407873 460.257658171
9.860073591 -27.4635673788 554.280114506
32.1562797913 25.1116907167 765.702555614
153.278351059 123.917147817 435.258082894
325.558135646 97.4070983015 226.514002837
255.249169218 -55.7846899642 152.331235359
-209.483522989 51.8807110934 432.942418645
-311.09874571 -22.4421015291 154.266211676
-222.66486155 -148.372698256 63.3275892853
