8.07203077142 69.6998839651 -123.499605342
-102.764461435 84.2009820846 -103.687422012
-218.088698055 -140.321793673 -454.712512784
-153.280876897 -29.3683073156 -825.608882385
139.867357704 55.1987899033 -102.800004418
186.984990597 -164.724995905 -513.348541284
194.770153635 -50.8126188352 -895.063593261
8.98872297207 111.148364596 159.54295154
14.3776811062 75.535391743 457.912807531
-5.18128080126 -29.8276029228 548.349954963
11.7343374033 24.5403502617 753.113797621
187.962107054 70.1004480088 431.758837818
302.997414518 7.80911324461 169.119628713
211.320039508 -130.503045536 88.5515197478
-206.032348012 99.4062667509 432.108197638
-321.779031149 51.0449453991 175.461402555
-248.068665981 -103.499128371 158.020920926
