-0.83507439077 78.9643879454 -131.325108199
-151.90029506 82.1134916909 -113.052583651
-213.889621646 -174.194928366 -458.967112901
-149.719263332 -75.2148827448 -834.204857914
142.508692567 75.8152826712 -112.260400113
196.790605711 -184.229268778 -460.053906168
190.949340924 -84.8419199747 -843.293873752
-0.791757859639 124.506086076 152.869785007
16.9357616136 88.6085972749 446.502563904
-0.166087588991 -19.6235129947 545.069484005
17.0217829994 36.8329253988 751.339870684
192.717680847 94.2911904177 426.215479256
309.840466126 39.1634386928 159.56229111
210.654661262 -105.563044841 70.2767809967
-207.024845848 99.8973220454 427.651289831
-321.842794828 36.8769334887 167.823700477
-233.042171336 -113.402098007 150.259126549
