68.7345253544 106.486815275 -46.6452336449
-46.7994269125 158.300705502 -19.1469948963
-143.518541057 13.3777678418 -390.861145372
-257.804537155 88.9209726793 -782.729080719
190.447065304 54.6730009567 -18.468948107
316.934103866 -66.3248764397 -458.63395066
416.608108137 104.800797937 -785.962137894
39.9995937987 67.9681010146 189.68295277
-22.5992401579 -23.8339171527 400.229327214
-92.2564833601 -114.716803026 459.547568038
-161.081504121 -100.071264967 637.207743097
148.875559649 -72.1259643667 436.066716487
341.067005174 -156.937530751 188.446342612
173.355244042 -291.600260258 90.9051525618
-189.099309647 66.1656158765 366.123506819
-303.776784334 160.115704732 100.91102274
-462.607742794 1.77624432745 -0.395509631721
