11.1096770504 70.2175428676 -117.029186114
-111.932633479 89.7771882838 -96.4089517018
-179.834681109 -142.797442798 -392.548494436
-167.936139997 -68.0042934438 -837.063038547
130.475519401 50.6579133038 -104.485644321
173.157251238 -170.931898514 -461.342538651
171.842049983 -79.8820713421 -907.233213075
17.7917077649 113.046698478 162.70114625
13.405939422 76.2149588673 455.544091285
-2.1596799171 -26.4729351146 548.680696647
3.36167053672 30.0587328382 754.037687996
187.777208342 62.464163436 428.635368923
290.784881543 -0.575155938205 160.057168036
189.686458429 -131.825045416 74.8689425761
-167.171949329 106.99389367 436.203149051
-278.368842127 85.6236678804 170.482179729
-255.246732863 -66.2416766809 86.1738198893
