37.6170584743 71.4406957616 -148.399627568
-111.6519036 129.899480596 -146.258910402
-210.58226858 -111.23033897 -452.41434221
-188.040553266 -36.1954423978 -787.342532151
181.018238884 12.9819755288 -155.809784656
166.25712932 -204.429862379 -520.337236482
163.021736973 -68.9806248611 -860.212390709
56.04978425 112.784549177 152.288892985
64.9452593183 75.1672037545 451.63877572
2.75441999864 -25.6122804969 571.118149232
4.83312038529 27.9906645129 772.112682146
245.517429818 15.2336437623 473.337410927
286.797483496 -99.6199824461 132.254976631
102.820266411 -205.700665451 40.0209929304
-115.195341222 150.234104192 478.596812885
-295.135218613 157.124772395 215.383695031
-294.605379361 -18.7884687737 133.536746554
