51.3750235487 42.94851557 -204.56168355
-53.0388101737 152.1163573 -238.920195677
-153.685655335 0.110608789428 -561.148505574
-107.367260343 83.8153922688 -841.353175988
180.082827197 -66.2191659988 -241.06763397
79.0333695679 -201.456420141 -646.887693954
169.490636674 -61.8230166919 -999.84367646
79.32440141 76.1001515151 131.971237254
72.8407614236 54.9488167152 518.978999428
-13.3712317606 -26.9144185397 603.014969824
-10.1214952001 22.1665779625 804.150293194
243.311831791 -53.839198206 437.800981308
279.586592068 -232.844634364 225.44651783
75.420908801 -319.754656135 227.267821854
-100.937144418 181.418402981 495.128217166
-255.420969861 243.118196514 298.541875153
-419.195592243 69.95028589 313.896558621
