73.8561141484 59.6613378672 -204.260090241
-30.9243241083 167.80593766 -229.117454371
-133.39026792 12.9880979423 -541.371336367
-84.57367811 94.9497070321 -816.46020817
200.407891412 -48.4830845162 -237.598291437
97.9858151759 -203.48882692 -624.259121203
187.961294855 -63.0285024522 -971.622894669
88.3939984252 84.6412157497 120.658873006
73.3969541624 62.6128984591 458.595992591
-25.2521543105 -18.5024263502 568.811145632
-56.9048533563 30.6189828878 790.755671748
250.742439065 -48.6672616836 435.57091645
276.809154642 -263.69919493 237.40738833
14.2536664866 -331.203562712 318.499092656
-98.0523896809 186.448045466 432.632337184
-300.217687798 219.256693429 235.572712862
-397.494014886 15.8699058104 321.116791103
