67.4040465329 51.0839083321 -202.348793561
-36.4361483181 163.502807615 -230.308606962
-141.0252758 21.8807899914 -552.884341576
-93.7774287039 99.6812275264 -833.224286109
194.620906627 -61.3348578061 -239.918522386
93.222628273 -195.494769911 -647.816397486
186.848216114 -52.7968851715 -992.640917311
86.1619902128 72.9136888778 128.981362417
70.5962750448 47.5176636264 471.517596661
-26.2343837641 -34.7161455969 580.568338753
-62.9535058547 8.50639187803 801.970611004
249.185091635 -65.7126697527 446.973095697
274.12967508 -270.20845394 238.21171506
9.30492711459 -338.753261119 335.819230842
-101.149999163 178.918413751 447.105298386
-244.087876267 258.599408078 303.27945737
-398.477485842 74.921043517 253.0137501
