59.8571319376 43.2483685012 -198.375504613
-81.5380373329 153.157881277 -229.220347007
-134.562794691 17.7807147418 -563.261441832
-87.0610549919 93.4913137322 -847.434211866
208.078676263 -66.6609442288 -237.921748066
113.708404008 -187.537713309 -659.571051502
212.758074314 -38.8190557315 -1009.3231966
76.5615011187 68.3277030635 135.304754908
77.8749800957 49.3085493203 486.386648062
-47.9181960284 -30.5504332271 590.026554632
-124.829066688 16.4306955701 823.116559869
203.013130676 -65.6777346886 464.054247085
225.878809753 -265.547522853 259.784310333
9.91876134011 -314.08349133 351.539788685
-86.4068021064 179.528764904 450.923472102
-225.331510258 251.350994262 246.469229676
-311.501570424 67.4135777422 257.808405796
