39.1130160211 28.6987905783 -143.341518689
-30.4582746599 167.96571792 -162.286255272
-141.879014008 87.5331653293 -498.239160771
-92.3398465269 123.561021416 -851.785308135
106.721994002 -110.567867155 -173.625603778
71.0007178608 -170.996935569 -594.428240339
175.757000509 -65.3250223969 -1002.13214807
40.5028355316 30.7322717745 166.651537313
-21.0647017857 -10.8071525809 508.133519166
-131.57445409 -63.7989609153 550.908929099
-234.702246532 -48.3005166935 774.286674897
96.3216385209 -135.551783344 431.088019585
353.574633136 -249.287824387 219.785572145
180.61202696 -316.703736445 112.63336976
-100.187131304 153.081422858 432.012732557
-130.417318393 347.022591523 289.024680252
-232.939477753 251.108214979 290.348246936
