-9.71241764398 44.0660247929 -204.507586274
-172.679531102 40.9866754109 -224.689528968
-178.71262153 -237.078810532 -464.127731687
-165.801735006 -119.228075419 -802.499695582
147.49581162 47.1453727823 -227.744603469
132.769789054 -214.227973939 -542.919647925
47.0846310124 -153.288987265 -955.193532011
-10.1190155047 127.020068731 116.765886522
-49.6223797913 132.204885055 463.441663899
-13.7560393567 24.4258372422 584.035410725
-58.7908636175 98.49661333 746.818426354
199.484919387 152.238052559 502.98588383
413.817104719 96.3182979285 323.585648989
408.462262963 -65.6786846332 257.447541874
-241.223639119 123.44700699 432.361636161
-299.475970229 17.0794151236 146.637835318
-182.807778349 -114.980203434 149.271118522
