-1.62599044214 38.135659336 -145.25641246
-90.8937732332 -22.0517513051 -163.211404914
-132.617330859 -197.644376864 -491.935636545
-288.295861913 -48.0778817127 -884.238546207
147.498329327 98.3230108041 -107.205277317
321.633696384 -126.207998499 -472.49466437
332.008779042 -69.3022267526 -889.522751303
-42.4792459446 101.432064259 136.426626268
-46.4779205067 101.378471935 433.04610349
-27.1487129945 5.90293534288 542.855859746
-105.563076527 64.6550774658 745.716855837
134.764046087 166.740301566 410.079217319
262.627288016 157.451818802 206.954714937
175.24395569 -12.9486023069 194.933149626
-226.725650765 41.792605629 397.274968672
-329.873180236 -105.763718383 201.559550379
-153.329300479 -206.895865571 209.621730768
