-7.5892093983 28.897555914 -208.095878863
-178.170021113 35.0446943693 -229.195173513
-190.084797577 -228.642480944 -530.793555014
-176.334286752 -97.5243959606 -812.645654997
146.398044125 22.7504255701 -223.645957409
125.965084141 -227.408677312 -549.033275825
40.9285568907 -167.773597221 -963.956435203
-3.35671101586 120.228351652 116.779651503
4.75778711371 137.324849339 480.496936961
-8.55474440753 29.5343610517 593.41779506
-59.7148219577 105.697451815 769.762531927
203.195925935 146.895384158 465.886370867
420.24895555 78.1972872883 340.242810393
411.5743366 -76.6311816952 275.768762294
-245.270128004 138.468400329 450.109202573
-309.228984257 44.8768719695 163.556063994
-194.265650689 -89.9353003177 166.544797382
