-6.76664217725 27.371438521 -206.872341109
-174.930141974 32.5523177921 -223.213910436
-176.489371284 -234.769254623 -524.54956307
-170.079858215 -106.129498446 -800.301151643
135.965907319 22.1905678764 -225.666338457
131.360011049 -235.92814466 -542.048077106
39.4905630519 -175.410160583 -946.045047491
-3.13989931648 121.656875689 120.059304041
3.1573304721 138.380711409 466.86539568
-11.2396508776 30.4339659903 603.61754844
-59.8406941217 108.486601976 804.340580655
197.526176723 147.259149733 504.769291855
406.464449317 84.5975905021 320.559939481
397.767300283 -71.5876167524 243.406424784
-240.704590445 139.552450254 435.342014763
-300.274145634 54.1809824097 147.064527209
-189.412936534 -82.8379770816 136.807477944
