-11.0885261822 38.1754946683 -176.152993358
-179.734027336 43.5813902616 -164.645372985
-189.755267046 -211.976678659 -487.297222439
-179.154593222 -101.386821542 -826.407614724
135.23580916 32.7696051619 -177.133724115
132.896165262 -209.165292416 -554.274461594
39.9694415019 -123.732513371 -905.932556235
-2.81807733671 115.517039163 132.491254195
4.39193745655 118.111296583 457.46256485
-6.09072995469 12.0211137032 580.792618711
-51.4544335334 82.2291847106 797.489461675
201.435305551 129.911160153 442.295453642
413.881949269 77.3232693825 299.270983881
408.529165547 -79.4809925193 227.847009717
-244.255711159 121.125199408 427.589092857
-297.946129005 44.4387785626 133.798134159
-194.039612439 -89.4612332452 119.298690702
