-36.6116953933 87.5798904994 -119.336268671
-181.87386787 40.697139143 -103.780556941
-179.982759014 -147.531112031 -487.771038391
-253.137677935 30.5208774657 -812.662713774
111.717639393 134.462647674 -105.639312523
122.064664294 -28.7961761282 -491.621658027
30.6624553143 86.0480754383 -885.428385555
-30.4585852255 91.4307357625 161.430433533
-0.60908979014 30.1339830584 425.187815796
28.6982100865 -65.8786377003 535.349525977
8.24199594425 -20.7254635505 742.008076648
188.049562067 101.319561913 455.241702627
382.645892208 106.364404266 260.477138716
387.138843581 -65.1591325968 188.455527636
-235.050758094 -15.2427349325 397.990131501
-275.824077426 -129.742337486 105.439004025
-104.042822658 -241.40307396 85.6557620517
