-24.8814446885 82.1675305462 -126.325102572
-182.634522313 68.1953847571 -105.886398606
-241.712299872 -154.841735127 -483.520339421
-247.552339357 -1.93301697496 -819.115696176
123.971983178 96.1396857554 -109.577218674
123.172190803 -105.972742156 -487.969226702
39.754475848 -7.96461423154 -882.62367707
-15.6204331233 107.001378933 155.901452652
6.68319580962 59.8572289219 424.253306267
20.4586837755 -43.5361796999 536.732732587
13.2927888475 6.99720692018 740.472134473
191.516529868 100.351460231 452.884688103
392.099493756 75.5759386253 266.933157955
388.153891043 -89.9913983364 187.684284894
-229.488637794 41.1945978294 397.454010259
-274.003467089 -57.3935656329 112.713464323
-103.253282721 -177.103158809 84.2155171712
