-11.954482074 45.9595994164 -135.295656392
-181.17825558 70.8902300369 -111.818960723
-256.239701698 -177.921070247 -472.74294356
-252.248083365 -82.6538766039 -818.275468093
123.466888941 21.0289625049 -117.235124556
103.56321331 -210.436801415 -486.937541234
28.4863698898 -142.757484405 -880.629887151
11.3291551553 111.833645037 147.427833874
10.9220713987 101.45084532 421.031575396
17.351821171 -3.32993998892 548.403622096
19.7475680647 56.5063649712 737.69973568
203.426859481 97.2814959239 447.591344218
388.362554467 44.5856358043 250.474946048
374.680908554 -97.2956624107 178.777043753
-172.305772409 122.919326477 445.812933497
-273.912720796 85.671460448 109.930036421
-116.771900265 -44.7808917725 76.5043496854
