-11.1424128167 39.7816539613 -140.790026706
-174.905415511 63.5068765045 -120.944503386
-246.979169126 -183.476299981 -476.750576454
-241.454913829 -86.7752654305 -818.168485489
125.93026042 16.056429621 -125.662520064
105.764861276 -217.024413671 -490.721291333
32.8383230594 -146.380215543 -878.995108421
11.3997790947 113.024230741 149.064346965
14.2461429806 107.569403411 464.89508321
16.5831019796 3.59047901036 568.101360544
22.8810873612 69.5128671666 779.966584187
203.616308835 100.631409622 438.94569994
327.061614636 43.2731114213 242.387871769
368.190053107 -98.1933624422 162.440721771
-166.231352951 127.377743063 436.958760982
-261.454105633 89.960350354 97.9567497055
-109.503694631 -43.4903005305 61.6613348355
