-47.9418204308 91.2722483585 -118.80449897
-177.910806536 34.4395476002 -114.843513968
-219.414348141 -133.624830944 -489.08010201
-240.052136983 47.4889680815 -827.235155303
64.3086801922 148.104981141 -116.803571166
133.323570833 -7.79585885791 -502.15314512
42.6402810987 111.815105134 -891.456472429
-35.7906606387 88.69277672 172.614380683
15.2543694904 14.8534653392 466.373140597
51.9192276291 -81.0266671774 552.69578491
36.9129931166 -39.4716742253 779.179107878
189.922068951 96.5350844169 449.16917658
323.219585434 110.254904156 243.237505762
323.549674601 -59.0986802441 161.37979093
-163.055023518 -39.9234057108 439.899910727
-249.476205755 -142.174220061 100.661698453
-79.2227027726 -246.181873589 63.8262696095
