-37.9468560926 74.5690243226 -137.100562326
-158.857911695 10.0214095231 -126.238299657
-139.82414293 -174.318116175 -505.52381304
-295.608143571 -26.461095436 -894.890246435
75.2383727406 139.116571233 -118.574707755
312.675595139 -96.1136144314 -425.624752938
317.503894434 -37.5512184713 -835.465522452
-59.170640998 106.412325203 134.000184376
-43.7996726019 84.1414495526 397.950256519
-9.18871803027 -11.7405630427 505.689047548
-46.3908311133 41.5660305611 709.604121854
125.401482543 156.581518507 372.687629875
310.294044035 152.967335305 169.041050973
169.719741827 -16.1305451033 85.8986997124
-222.53489866 17.5912567386 375.606043834
-267.583585254 -185.513153805 246.236498253
-136.233944854 -257.657393755 352.199445337
