-22.5511642229 65.6952995434 -129.417763919
-150.595151638 35.9327884826 -117.203390784
-197.897836201 -162.777057048 -498.865053453
-204.369399722 -9.17625267354 -841.764763618
99.2972177013 95.4578257159 -119.79418963
160.004227921 -94.3646441597 -511.630599368
79.2410174896 9.67176802604 -905.544304535
-19.247319647 101.423968649 164.750248555
-15.758652711 62.131048855 474.057006375
27.2478571557 -39.3248444118 568.742436088
44.2753652763 15.5606674964 791.452047553
164.993900936 109.393290553 447.793326656
340.401117287 83.3500666646 232.77413402
270.753856647 -76.4310604699 155.74606838
-205.068723764 31.6125228346 440.00700926
-246.996566849 -57.8865352001 155.039541372
-138.280372367 -171.631893271 61.0410419971
