-10.155568473 37.9874718099 -141.664968525
-177.205765656 39.0593477741 -129.657094786
-178.480724247 -170.115622315 -511.257851399
-170.548361389 -47.6505831782 -852.788914192
122.45325193 36.915599227 -131.384947282
123.02888881 -170.764114722 -517.341812654
108.868872741 -81.3013969698 -924.577562908
-2.93281405899 101.810014419 157.601670706
2.25195416429 91.0055543088 482.094155702
9.61182480834 -11.8977367692 587.455034579
12.5613781992 54.6302125729 805.998243092
195.127367236 103.20708888 455.572262033
318.606063087 56.5964687901 245.612734597
302.288182643 -87.4364296417 159.041702154
-182.765680394 93.3649133677 446.868855275
-285.266774641 44.4855292726 160.584705867
-190.918652483 -89.8963168238 74.611314007
