-10.7461406884 52.3082751485 -138.662763507
-171.951009813 45.5822077035 -131.669349023
-178.234662946 -170.678981793 -502.471727437
-161.749075881 -47.2489386688 -835.440793268
123.285740709 59.0343462296 -130.811503082
132.607897303 -166.016107531 -506.298818965
178.464078447 -76.5073456726 -897.057609294
-11.9078393083 106.510514798 157.884724616
-0.453287637873 84.6599534955 467.524440794
-0.788803994872 -19.4264132618 579.928709076
9.36441137335 44.6190177892 783.675906363
181.836015286 105.739688046 492.753686045
311.322668484 70.0766322033 226.228788413
287.528140098 -79.6835317092 146.707283542
-232.597114849 79.8464146387 438.764932695
-287.821948445 23.0966861634 147.811783599
-191.60185212 -112.648408553 65.3219324847
