-97.5880184264 54.5132178286 -119.55174006
-194.879061013 -70.3185744752 -118.0807266
-179.854170842 -128.164917592 -527.220186938
-369.726637123 13.4674723723 -917.557233164
-9.91420566513 179.345042033 -114.716592179
204.639847048 61.5441433836 -438.423669708
265.240771975 78.629813345 -862.374660913
-104.209981674 46.4169031839 159.750720711
-83.331484656 0.676655264427 461.769925644
26.6866172637 -51.1877396528 530.670231384
-15.9514775208 -25.5978395757 726.227141055
60.6670634791 145.332730292 441.362263592
179.865867426 237.654980869 243.92885375
195.543947718 107.15927625 170.957087597
-182.768965284 -134.813378926 380.780380696
34.0970443171 -311.297172394 168.623862072
96.3714602365 -264.911464268 160.853275866
