-10.8754340392 59.2146969909 -135.275294196
-171.771308984 37.7025435611 -124.790820454
-173.256442013 -182.165869555 -501.855388148
-160.648717639 -53.4368981822 -834.143267256
123.227385294 80.7268501596 -123.922063622
195.41249437 -150.578497208 -496.818302313
184.031210108 -62.8783533143 -894.532638247
-16.2381527101 107.596675218 160.399715337
-1.62333966196 77.7072374602 463.06819623
2.28070990731 -27.8373965188 572.77885609
9.35784945801 30.6683037899 776.887746726
179.878239148 112.074533902 488.365667375
310.578165911 88.9162107375 222.127408716
290.695622624 -60.6389464595 141.008260341
-233.421677675 63.6385502697 434.757443686
-293.037233706 7.57814375583 153.893791248
-259.422247223 -129.843927331 61.4820922967
