-8.81746902424 64.922631389 -135.247948298
-164.256584141 43.1065472908 -122.847777919
-163.978251724 -196.594363369 -483.826088156
-148.614061136 -77.229307597 -813.44785053
130.894679947 86.7387076295 -121.563153076
204.979195861 -164.2145888 -487.306679293
202.35392084 -80.499032437 -874.558407417
-15.1327482413 113.673053441 158.180684929
6.60225807087 83.1023044789 467.346146644
3.60851194572 -24.5621223857 566.143634163
17.3949653557 32.5986918796 778.759317173
187.987261317 114.858014804 441.373851162
315.288510719 90.061406419 223.308884109
228.389955236 -52.1828804124 79.303736343
-225.449687999 70.884348686 440.047595144
-341.41760189 14.226653209 167.310400409
-250.174560449 -120.164768333 75.0896839201
