-6.14071146328 60.9738472565 -129.823065464
-171.505848665 49.0238329392 -115.670292145
-168.71611245 -185.305556477 -480.045662621
-161.96267718 -64.4702201536 -810.808340834
129.851826769 72.9238571999 -116.107138383
198.414076733 -163.965076092 -485.726753234
180.527494252 -71.6906340365 -880.530092227
-6.76298594689 111.881881608 161.746756612
3.00448000105 82.3779993656 475.152961055
9.14791792275 -23.7316481997 570.841472236
12.9242767201 36.0593760377 787.711661465
190.451826763 102.947802004 447.114877568
301.574646978 69.7165243742 168.10397261
215.108172808 -76.5053564774 70.9565389451
-178.573138187 79.398874102 448.942368765
-291.311142438 31.1344293373 172.01067187
-259.787882102 -110.887846568 82.5167317213
