3.36362834609 50.1839022087 -145.235514292
-124.074199614 63.2219074638 -111.817787439
-181.555528238 -168.485901683 -468.639001714
-169.413413278 -52.6650846568 -796.301818651
125.703316355 37.1459102608 -163.523561579
173.255945042 -183.833559471 -536.40136048
167.466618434 -79.8845963697 -928.187042813
10.514553567 110.441196695 151.927363741
7.92627059201 92.9459609044 478.611407669
2.05416003171 -12.1567306888 575.053064855
5.7974564972 50.7911496696 789.768148115
187.666662842 87.789542674 443.690411069
349.816222812 32.3786276869 171.091157762
203.028259797 -113.093562929 85.4981671306
-178.972925642 113.823207212 452.678955889
-297.268436273 63.9339632203 186.021575829
-269.376249331 -93.0361300215 169.3754887
