4.04445258981 62.4117116172 -122.2850173
-131.908664167 60.1158709083 -107.092312012
-140.542977106 -176.976323773 -460.684407601
-187.325265488 -66.7594859318 -797.76679479
159.51405902 64.7075510574 -107.929893949
166.384224581 -167.394804309 -474.398303092
147.566281569 -80.1183786251 -867.182422461
5.75407375695 110.732458484 163.775743217
-7.70335181851 80.1579587488 470.664264223
13.2614429765 -24.0857974064 568.483354508
43.0820132759 37.4361756863 781.084792095
220.999002578 87.7765011134 441.614909918
273.091731688 48.7328380486 157.862722922
167.436147259 -83.4029201619 4.74993718366
-187.958318485 87.8906848399 452.171350889
-300.815065576 49.1760441073 178.685059799
-221.819817339 -90.4000844038 89.0155751404
