6.47077407134 32.8953993809 -151.843012626
-150.60541975 62.4589625713 -150.260713082
-161.847483844 -129.690233348 -539.48365826
-151.386010435 0.00369563162179 -824.378160342
155.680464927 3.33187396275 -160.016941888
143.383070601 -171.696369073 -562.321300218
131.723601948 -61.4614129454 -962.043249091
22.370363378 95.6994876431 156.317241686
38.608113105 83.5526814994 469.233405352
16.7502120509 -17.2267896611 600.397385197
36.3622838317 48.7431480264 799.94854842
229.963244817 56.360926717 490.054738436
265.472991933 -19.2306634588 140.178244542
148.495908041 -138.256824152 43.3263235819
-148.052394761 122.590770231 500.186444882
-276.507054671 87.852311794 295.212232782
-261.29131576 -60.1977667366 223.159530274
