14.0418963458 35.9767158029 -150.550776428
-97.7465802608 86.0691080176 -150.759391156
-173.146055865 -84.9842960567 -546.44904044
-158.843058796 44.4302668637 -831.853869253
154.362610069 -14.1156054207 -154.180143985
136.470839967 -154.106866266 -632.086053311
132.320520575 -18.4807393626 -977.425532764
35.1578020955 85.0374067131 161.423837563
45.940243854 62.9166883943 485.921777116
11.5743248756 -34.6909476079 604.791497879
33.0756365192 25.4302263565 822.987379781
231.21197633 16.6100669306 453.684645756
264.154536941 -74.7652154553 154.522470842
142.170843951 -180.407734268 57.64725039
-149.157482019 124.787109924 519.031029428
-284.605091331 110.856133001 315.42163241
-276.208939957 -39.9406114126 242.100763221
