25.0228850894 47.0122347957 -149.905280419
-87.6618867339 116.959529125 -146.088512989
-171.044327946 -56.5262034205 -482.868618888
-153.048970225 39.3478777584 -831.137817688
160.52980007 -22.934942926 -158.941212642
128.407037821 -164.243882778 -631.010456135
137.934600246 -29.2078371299 -980.779402033
51.0265667463 84.2622702772 160.977879785
53.1475566045 51.586377831 478.605577226
7.36084745645 -41.9265984425 597.142667967
37.9942380998 12.19574172 814.460922262
236.802780103 -14.1195158276 446.365672525
268.523757361 -117.807648526 147.474561067
146.690385562 -223.54027677 49.6421814279
-131.217374242 137.003968988 512.089024685
-279.28230218 158.641481074 309.623095275
-347.775294572 5.62867003377 234.049194796
