-157.871482418 177.774905673 -87.45997078
-226.819196723 89.1089615261 -70.8098991888
-100.012649418 -216.270777826 -324.600474856
-252.96675026 -33.3203409238 -782.126822266
-42.9004952385 266.440962081 -71.6145367933
151.880134955 -6.16379524449 -250.065396245
44.3991215036 105.972811286 -648.38433261
-89.4567817016 103.329228772 159.001635016
36.7933788457 -33.4044417869 405.254086058
109.463854887 -117.826153817 417.557312779
169.910411516 -102.337442019 609.354931381
120.740587611 82.1306458604 339.691208064
151.161260121 167.628504476 144.742221961
206.363916684 0.709112192932 12.9151609631
-103.525580993 -108.94265081 339.801297874
-185.929483857 -188.891229666 93.3073281342
30.905345329 -228.425350196 10.7317071253
