-235.80873872 122.404762234 -57.6349409308
-291.326577155 9.38637560619 -27.1355960465
-87.6405539723 -207.456534592 -427.411759227
-271.020404715 -99.558834687 -860.898234432
-133.373974406 235.42330237 -25.6493567861
98.5929376683 62.7656894415 -285.622111185
43.6899474328 102.9400422 -713.822505736
-132.57991938 63.4500934817 174.100116689
4.59837625376 -29.2101399296 412.527985659
128.051875772 -75.0966691528 406.677370492
190.070914924 -67.1100430973 576.860642828
65.3979948407 101.805451239 345.177074641
92.9885854057 191.233898643 147.047036275
168.400272669 39.1566685601 143.436152706
-77.7366364589 -136.068696119 342.72498585
34.6315875096 -234.87025889 88.3771788248
162.727530174 -161.544463727 79.2345669226
