-243.266829005 84.0113167463 -71.5555057491
-285.727228872 -32.4457467422 -42.0599820333
-88.269352259 -215.896712037 -425.691200251
-333.052363854 -132.514989782 -844.047327053
-138.019388601 200.468555057 -43.1805928905
87.5466003016 82.7492370739 -290.048106962
27.9690529496 101.553097373 -702.717038258
-143.528468078 44.3512580017 154.366287195
-7.39078440678 -12.223843162 382.354864378
110.635071142 -41.4714730488 386.902698731
173.328244646 -36.6821231384 541.183784813
-1.43296451924 117.424986715 315.6815168
29.68958485 237.063831557 138.979649318
286.731332911 74.3391218782 199.484592627
-79.7451013231 -125.600725634 317.098836129
41.7084928083 -253.510791656 135.423558686
286.66387558 -174.856778568 133.336079922
