-231.946150462 100.320003653 -80.3478675943
-281.612824876 -10.4256278623 -56.555938198
-79.7874947763 -226.198864274 -388.134953039
-256.016109667 -142.176245147 -866.481125751
-120.118351907 211.065702569 -61.4151231268
101.327136418 42.6099536557 -310.284602783
46.7465436768 56.5717365405 -729.738294475
-138.024701334 63.7655577254 164.180241954
3.98671612157 1.04337670679 389.130299206
118.960999124 -43.5487398395 419.624708379
183.543899683 -28.0964800863 589.161665323
16.6205943904 127.140960264 358.807154352
75.0524125614 210.008649476 169.059280903
35.6986209762 34.1823935151 -24.9630178519
-71.923440485 -112.318231231 362.347446619
58.4527491183 -237.113275068 183.441652959
288.029548952 -128.693401141 188.191405769
