-248.08935153 97.6668686563 -113.37136357
-299.342596322 -17.1615852603 -96.292194967
-99.2781088205 -224.210315105 -430.562208875
-347.492051661 -126.578754811 -912.304892452
-142.533733837 212.495518793 -100.0661598
83.2014088216 75.6792785317 -347.723289684
18.611021351 106.49453069 -715.075168979
-150.939558265 56.2736274076 138.826212898
-15.7749442635 -2.34226488675 357.001816966
103.643528823 -39.102997398 403.101113843
166.646501542 -28.2518598829 560.321911517
-5.6119563728 125.957948232 326.10748916
93.7975093182 226.795176918 162.859163555
298.099162268 37.8095591263 239.446784714
-91.6551393251 -117.364233151 331.520138986
46.6083504931 -287.174163834 218.595853523
294.724577026 -193.32117123 238.109594308
