-169.552111315 -96745.263457 -160.800955796
-238.034296336 -96812.6596766 -159.691597874
-177.131284651 -97122.897368 -518.690739766
-302.068088914 -96926.0816014 -962.454414225
-55.5504440042 -96677.8670422 -160.891598787
76.8810490134 -96947.8164024 -439.454790317
25.4363317907 -96795.6445036 -816.756907418
-108.498909108 -96810.1706122 127.270309345
-21.6044332863 -96918.6203798 383.571650125
66.9195628412 -96992.4981913 445.836214871
108.190280448 -96963.6797165 605.564286906
54.4432303315 -96830.547322 352.579601939
180.319720502 -96851.4597945 251.238217248
224.020182733 -97046.4369445 340.857534234
-117.172040121 -96991.1595509 362.306989838
16.5757371155 -97198.8140779 247.615116667
225.692319655 -97156.1317026 352.518193227
