-109.045088523 30.4221435523 -84.951143811
-181.468771386 -114.080478952 -68.7578140267
-102.428809612 -161.282887417 -501.370248794
-267.035168664 -71.4759712702 -935.219251793
-36.0673581475 174.924923989 -67.2983040945
161.995337119 120.025647622 -414.518150379
134.679441409 124.390275238 -750.844563219
-90.6838412334 19.9538159652 179.860273399
-6.75809443264 -16.2898185054 468.033739133
110.456479438 -47.8925595609 497.779342037
184.334243638 -40.7615182704 701.342964458
1.25004120168 145.220082529 398.982497196
5.08941671768 316.47473511 189.690030314
159.612796224 222.651808177 106.033526991
-87.7617501521 -159.604145323 395.437006981
-104.332079063 -297.92895725 131.197744642
138.890755205 -268.69663925 114.863970973
