-70.5282532306 20.9238483285 -141.642512389
-153.317732574 -114.001771303 -137.656971856
-142.503658669 -146.366321391 -536.139760841
-342.342272665 -30.8638528752 -931.007808175
19.0842775319 155.849497236 -135.59376736
213.638598786 79.1859905188 -455.974313418
214.741712659 95.1736890568 -935.921269727
-94.0382768716 22.4939065769 131.40392892
-72.4401727701 1.12313659791 393.917084688
27.1685554543 -30.831462271 497.396781624
12.3671109248 -15.3426566064 701.031293969
4.03249086437 154.133843824 374.652013387
49.4344676869 309.556779627 245.476804743
216.206977839 192.184482161 347.40030565
-155.436245309 -140.562195264 361.804971597
-1.63657646768 -324.407331208 177.433401657
138.171022249 -269.664852469 339.535585035
