-226.487024143 134.42931776 -87.6117333633
-276.710128342 35.3005808549 -69.0138861927
-150.5446054 -223.118086868 -471.40374366
-330.410003886 -102.459010693 -896.645829096
-112.231144386 233.558189039 -71.6942682917
105.047630092 39.6165117014 -328.139433297
47.8774609654 79.2747492627 -693.914322314
-130.422545938 77.6480197369 166.750469703
9.39491977788 -10.8869705069 437.021429424
122.067864828 -66.7548699369 433.500577148
191.854686853 -50.289121007 603.02289626
26.6786423094 106.788466932 367.354233814
93.8696110672 171.692570461 166.448143549
100.351155964 -8.38799493388 28.6685421609
-70.9581116377 -112.294135302 370.00366681
67.9028511914 -237.682559605 176.318658792
297.877035591 -148.981460587 180.938887143
