-79.1683308808 41.2414651399 -123.650589776
-166.90510984 -84.7651200985 -111.505137027
-148.110934694 -150.770083548 -514.124021233
-328.437277451 -11.6619966858 -908.799873803
23.222066859 167.248101737 -108.934622682
224.021657775 55.0381136691 -434.195164296
223.331174317 74.4784705407 -912.497348629
-97.8539573718 44.952823096 148.872878346
-66.4743366019 10.2995277423 409.658923194
23.9544753519 -37.8488644666 509.681030692
19.0148946264 -16.0955718725 715.58791845
22.2151486202 156.272385595 389.686876164
141.583809128 274.660835541 263.200564226
231.769224358 123.353942174 272.89746865
-211.68128839 -122.688563143 375.278294606
-83.0938058904 -302.010894321 169.48711886
119.544777268 -275.507215757 184.492995965
