-152.375935677 86.5624136787 -38.8105944706
-253.261567289 -40.1595072323 -15.4767134371
-147.029953264 -144.802030256 -386.377528213
-254.947206243 -37.7446883008 -839.0730016
-75.0319978889 213.284451342 -13.9494284414
126.675802147 107.058039166 -310.3440469
93.2471568582 127.696139758 -763.472889164
-86.8804257734 45.356135502 200.333016953
35.5351415722 -40.0920986412 448.443509056
150.495805569 -93.6865942972 448.166799482
236.341652227 -89.7133605096 627.695186944
105.862543375 110.265036611 377.825736272
127.589584932 259.253160203 168.590271708
205.968825752 145.515835294 1.69347606919
-69.1017230836 -157.698710116 376.340078053
-153.689181963 -255.793907468 102.198427459
21.8409229172 -266.499240329 -13.1868903397
