-222.489625781 110.868534497 -93.990984795
-270.216884464 11.8046644571 -71.7028248695
-128.691321056 -231.789018219 -426.451601712
-255.55009464 -148.970823649 -918.128706447
-106.748712402 209.932545805 -84.7121065186
106.051909057 18.8873399682 -342.360535876
61.5030095043 29.3210631246 -717.375446762
-134.375541603 73.2219881652 160.796161469
6.84805083968 5.05213769074 432.702542404
118.757806694 -44.3601801178 431.892183238
199.036955708 -25.7294291709 600.064705525
19.7840173814 122.346529072 360.672017051
27.5695328321 198.477720868 155.949517722
34.0413986756 21.0820066875 16.9845928486
-71.4887639683 -98.5401590887 366.317832366
71.3501461642 -220.586702638 182.75331374
306.510756537 -112.603679039 249.719108407
