-200.029007864 126.804683427 -158.519339168
-252.029609826 35.3661171963 -156.573312344
-113.203348797 -220.545614102 -515.103266021
-239.840377764 -100.770451657 -970.165726261
-82.3120874097 218.243478256 -156.912224671
75.1032240359 -9.01713020166 -440.053992922
83.8803427058 73.8967224714 -885.477918121
-135.546158913 84.2316066851 132.24563607
-39.2139199785 8.68037109536 392.950564567
79.1557082068 -47.8148584732 454.301961733
152.530520649 -26.4134149118 616.590450072
33.6817268814 118.824490848 368.197023185
85.0816032941 178.804431068 250.03057276
204.488063204 -13.6068860103 343.141911963
-123.35631629 -84.0264762744 371.948970388
10.6650344868 -257.975437012 263.633757358
204.525144974 -175.306281854 349.938970976
