-7.54029404441 54.0654900563 -149.501804402
-111.740760163 10.7931044073 -131.627030193
-145.588186882 -205.501513643 -490.512623017
-156.300142633 -104.076586272 -892.227056886
137.473657261 97.3378282923 -119.601238909
303.418620044 -156.81019765 -420.122186031
304.631566251 -103.729605055 -827.80767399
-47.5496732416 121.349007391 119.678382346
-65.9336124408 122.009680671 397.652879567
-55.6287432485 22.0080534794 508.445853405
-129.123289588 82.4428579407 704.173343256
117.141308775 167.941226782 376.487518556
303.43482846 137.162307346 177.521082193
219.384255588 -37.3913836041 166.265918169
-246.776110805 80.9576851827 362.568575672
-351.718524182 -92.118419364 170.173418409
-178.303609646 -213.524999295 339.360002086
