-53.6522080962 85.4146023587 -103.040319121
-154.082871046 -1.02801218787 -91.8995876841
-140.863127016 -132.0840117 -460.249691124
-296.366936312 36.749807879 -848.590469859
60.2847143988 171.857176286 -79.9399671522
238.294058197 -14.5434875862 -389.33910302
227.247809717 41.9794603137 -850.286430124
-69.2534585562 84.5956035824 157.976404707
-56.4305314485 17.398383685 418.188295938
0.183234696701 -62.6849182988 506.487087759
-40.7121707302 -26.5089271592 714.184031582
109.049257946 121.161741524 451.88888087
240.235699376 157.542742843 261.491023019
165.206158478 -16.9142365341 193.374532503
-220.328638718 -67.9051096411 327.557491131
-163.629830609 -197.323507483 41.140181094
32.0964078211 -232.979400567 92.3148624947
