-133.855206713 167.111835898 -160.594447573
-229.396834746 95.9684233212 -151.019213152
-66.686963113 -228.84602142 -525.7967056
-222.656471876 -33.3613070231 -934.092252445
-7.681487337 238.25534629 -149.896015509
118.559246294 -69.8665815738 -451.376032457
73.2356270571 89.3818114398 -801.288320893
-97.1926107567 119.491886923 120.898034082
-50.2198727742 25.7619626979 365.36189486
32.9994192243 -51.6705569705 447.427704734
63.2510414698 -17.2292002605 617.238079316
35.2142720142 112.594393153 337.702953949
251.405949398 84.7113068812 300.850431349
178.811372975 -86.5210884355 333.979990721
-146.016987775 -43.3883673634 335.601898338
-86.4842916118 -245.606155103 242.446014537
88.665400129 -213.709499604 320.39265297
