-147.566973298 138.97305549 -139.46654007
-203.368345278 54.5698112512 -126.000343013
-71.4080046378 -265.447279254 -464.285088832
-241.938660084 -107.662170158 -941.724948411
-30.5399040711 223.376468209 -128.327461147
174.579390076 -60.6245428244 -439.383396656
129.555908065 44.482452533 -749.721342121
-107.971837647 105.005081854 142.641626292
-16.8169861961 20.3746875186 410.011318754
66.8149027993 -53.0984548385 471.835960384
117.632713534 -24.3030311854 674.652658206
18.6795827825 125.417157976 377.891190798
103.893535737 175.650523964 193.234700049
163.488168187 4.66379628687 211.369957832
-107.364819242 -62.4125397836 381.450643706
-111.124807076 -197.97184903 200.421376915
74.7322283111 -182.489877021 214.131892115
