-96.0324714969 24.5410553355 -111.059903558
-165.495026689 -121.562252306 -108.854580463
-88.7092456309 -156.333515335 -500.976625381
-249.796965722 -83.5822069879 -1003.65640282
-20.6062354942 170.644554432 -113.983741229
119.230121223 116.463715677 -412.637812547
151.316165664 112.079518196 -817.998829198
-88.9241760884 18.1301557637 162.635787599
-6.21644965216 -5.66030014732 443.400526664
97.6429146423 -34.2313259035 501.806140217
142.160800301 -23.4786617233 681.915609874
8.59157738198 155.644486982 414.00899552
15.0059921904 320.645464368 166.656272926
178.691618863 226.80117879 221.538000765
-87.4015137545 -153.197867754 420.862953121
-93.0697178471 -312.036183036 167.357270995
96.298879223 -278.291886649 225.355803243
