-90.739306053 26.2134531418 -102.7666327
-158.910703234 -119.354821464 -104.0045743
-79.2238963768 -157.663213852 -494.172013344
-243.546152924 -79.1802434583 -1002.87825981
-10.3155478746 171.781918089 -102.960338097
125.926879381 115.839950139 -406.542578778
93.9464871943 116.587006026 -811.812208177
-79.774128629 19.3553013554 174.568899758
6.32224560889 -8.06520518341 461.687381338
111.337717541 -40.2191039586 516.875269057
156.488342479 -27.9089572266 703.130813741
22.0233322986 153.150743108 431.495078715
21.2746109044 314.389079186 176.552473038
125.109986661 218.397411785 152.344663944
-76.521701415 -154.327497725 430.934832103
-85.091074392 -300.034086797 168.598671497
102.517191726 -264.837084484 166.772122399
