-53.7838154118 -30368.8883804 191.236752794
-173.047837312 -30408.2449217 311.288036537
-91.6587258641 -30578.5799772 -118.281895468
-284.033498924 -30469.5110619 -699.190279788
24.2932806848 -30329.5317981 307.119441724
220.423456756 -30452.7969341 -79.6016191456
150.049909347 -30345.5150916 -438.414163906
-2.45021178718 -30507.634134 172.873167052
23.8857892655 -30645.0973356 104.039612335
55.3971098963 -30672.4266845 53.3754400647
54.3726847101 -30702.266527 87.4198119486
93.2265935042 -30589.2920295 90.9590992949
249.179033093 -30644.8869895 72.3663258874
153.97202147 -30739.3949126 435.072499319
-51.1234817723 -30660.5118989 75.8219843214
-104.36003219 -30705.7122724 -45.0288889378
56.6285978142 -30731.7508796 -83.9429539065
