-160.263392527 186.920452048 -63.5839573474
-237.049236836 99.2665364294 -63.3521323836
-110.504175645 -213.195354268 -328.156341958
-204.860565245 -55.3426444524 -795.507992925
-51.0112056131 274.574486607 -16.1198389887
137.710132287 -3.95518551284 -250.947739477
100.690884796 91.6444414855 -660.53056136
-94.6652510478 106.397416863 168.141911812
27.0504916983 -33.3712206369 408.775546912
96.5564182592 -118.122256485 404.32912192
161.483751046 -105.637746394 568.647084816
112.820540943 79.7573199684 344.039209023
152.04455904 158.974641889 149.66231924
206.553630442 -5.94980660946 14.1861715914
-121.638772098 -106.306604073 341.770638264
-193.027511881 -182.178121298 86.1718636774
19.7374771529 -222.283506601 1.79821420212
