-220.780042993 112.394653653 -72.4771557272
-271.281696173 -2.20614365074 -48.4800010713
-63.2822593136 -228.900102843 -389.602650681
-242.494691259 -129.729399765 -876.143330944
-110.423577867 226.995631589 -50.8286094256
115.102500509 44.9092850268 -304.106048813
67.5346203515 68.8707750442 -675.078917731
-127.060532219 64.9395895139 174.161903971
15.4531835406 -18.1213977999 409.028643571
140.495567627 -66.7808891463 431.01649722
210.048017461 -55.1176009501 616.366043638
75.1648096731 116.753380689 378.676228293
35.7253924688 223.861394212 127.732635695
106.585505736 80.2027059219 46.9267483437
-68.1574313152 -129.60241263 380.605745438
-21.3827266767 -220.585029078 123.498690026
151.408353011 -158.92944414 52.50237446
