16.680590601 85.0773790364 -106.203140682
-122.397947141 81.5084468534 -86.8808935941
-199.9768056 -132.686111018 -462.956230403
-268.928306827 -29.0870606233 -872.064630522
177.218164856 88.6463026207 -74.5395903918
268.472714906 -135.742659008 -457.34231785
338.991877676 -29.8440914124 -869.444064662
1.61482892454 113.352967294 163.111950881
-26.1395941975 69.7625934924 433.703040089
-39.5676740674 -35.5631591095 523.303247726
-84.75670089 13.8773579058 747.927896145
161.807065912 74.6087747724 423.847971053
298.928249282 -8.06541420221 282.794759391
195.327478663 -144.422408841 210.742182552
-208.489807563 80.1609435377 348.649003213
-309.274089306 30.5481843452 115.119644631
-220.782299764 -122.132045644 32.9090899851
