-145.357087603 1.60401159426 -95.8468804581
-188.77227957 -152.790427874 -84.9438186763
-98.6089831895 -173.433471493 -472.026690924
-268.712764958 -118.116543598 -973.27309241
-109.195490189 155.998476172 -92.6523817432
82.3554009741 165.977109712 -385.803865663
64.7758698236 139.359046626 -786.416611901
-103.542010607 -3.15401024138 172.798404408
0.026631056628 1.54222603354 448.495882544
124.208615875 -14.3326452591 483.610621493
194.86891544 -5.53572793046 682.783535199
-13.9265037158 161.569183158 376.293498042
-16.5656288351 318.458960893 166.60161742
15.215562458 253.368148471 6.37631141826
-65.8162099763 -160.012584959 379.737799684
83.1946362143 -330.46600655 247.736633457
321.160844555 -240.035744752 267.262891223
