19.4338912634 106.02035216 -91.9625315966
-122.875271093 100.855775574 -63.1413784375
-198.095308861 -142.619198102 -427.127201117
-262.982942443 -41.8466972865 -812.659983658
170.961828819 111.184916263 -59.2790047332
316.056203779 -140.074481429 -413.03490613
326.207036394 -34.7769822975 -809.109018744
4.39558060551 121.000321971 163.209839617
-28.0658429259 58.6865544323 431.126112072
-41.056144515 -48.862300657 492.500314772
-85.7137702992 -8.98839620588 681.719302239
155.402627916 66.099421067 421.513387411
341.448256109 3.60486544673 225.848974775
188.861993461 -140.615319258 147.013967806
-205.947195851 74.8797024146 349.25313219
-308.297464917 39.945983905 68.096912841
-286.960150081 -124.494517998 38.7022043516
