-114.063925188 58.8279972432 -65.2160154718
-200.826335874 -72.5067764426 -48.2858760985
-107.336924438 -155.015397704 -429.197143295
-270.699647467 -38.3213194435 -870.387310863
-27.2452472634 190.162847089 -47.3809008606
166.057088143 102.353898138 -402.600236096
72.4053869672 141.997998616 -740.370296677
-76.9192118916 36.7967977203 188.607568662
4.65956889291 -30.8061660773 438.516246242
127.359693211 -80.296112322 479.023089763
208.494613934 -73.9647020856 666.380359177
80.3234607533 122.872515518 411.631207423
93.927082645 285.832964289 206.280261258
185.234065048 167.736207817 57.1387689319
-96.5272014591 -153.341272695 406.029460482
-176.765724268 -258.762130568 78.3797256689
68.2998144234 -265.367375833 37.6246982564
