-212.368412585 165.024378569 -35.3002088763
-285.363211915 55.8299218126 -4.05396775251
-99.5850116058 -204.712028012 -319.947737104
-261.008739025 -58.629009297 -779.778449086
-115.713450644 274.218954738 -3.27846158528
136.953285482 67.9910255307 -243.675707738
39.3166165813 144.269252491 -646.702059019
-105.982708768 79.8690519668 182.513600676
46.0158049011 -53.8207685914 360.587106304
147.319917704 -120.717174307 381.02436337
231.050548558 -117.710146456 557.524896838
120.81655496 80.6259383569 340.93643216
152.871518464 189.991741445 151.653938054
208.148825388 44.9661643589 14.2570964228
-90.194881477 -148.484645695 338.886421912
-123.471551734 -229.02515594 84.8899534527
40.1636921711 -229.418945451 -58.4515237088
