-259.684325748 103.574591632 -120.03072162
-297.658463302 -8.74223738971 -103.92935518
-147.512695237 -214.690359774 -455.187946932
-348.236914582 -103.252284744 -895.869291759
-142.760538326 215.891643084 -113.396776203
31.0737232493 82.3762023597 -375.850077455
-32.8173571237 126.603990601 -751.306913952
-149.244704217 55.9574284193 143.709320514
-3.53342419793 -8.21342825617 409.438906219
122.068014568 -47.4330376769 420.281389169
192.949972916 -36.0468232796 580.025760398
6.28071900328 118.254774253 337.217124746
106.574651735 211.407663315 157.909199664
328.919992623 17.5332457315 234.979956935
-81.7697265875 -121.043659779 342.746870311
61.4822052857 -286.015094967 216.255460247
327.007854756 -199.717381539 242.865126857
