58.1555243421 107.361524106 -56.2042561389
-89.9433387137 146.889917722 -30.658990541
-185.128476874 -27.8067183441 -394.991088795
-240.387540627 58.9523242551 -773.723941105
191.922990876 67.8331470449 -26.5080713838
325.494491233 -91.1539782068 -395.424668167
429.156045939 73.3006411983 -772.145204865
32.5276880637 81.2016113722 183.992129282
-17.8782717325 -6.07112967137 389.698996965
-83.2192081285 -103.445221436 465.735556396
-142.583778468 -83.4803318371 673.333439786
110.758780763 -43.6011375182 424.608470909
342.336871817 -132.310604328 181.737732839
188.103056316 -273.974136209 150.449550354
-184.714460869 70.384257585 353.363986927
-293.143594962 159.885900549 81.0304138272
-433.992774701 -5.11786445717 -93.5249128438
