-102.213654356 41.2801921648 -142.929037609
-188.975289771 -94.8795900587 -159.426650704
-171.497810689 -138.052921166 -625.182119567
-361.728940018 -16.5793236081 -1026.06091641
-20.4258236626 177.440206539 -157.209578432
88.5871177725 130.665593527 -486.981204447
-12.2089336755 172.59626986 -885.747614284
-80.7929682668 27.1246690706 150.876978761
-10.3941701576 -8.95862129479 463.419164708
93.1615283007 -49.8731328201 515.482977258
129.560166144 -32.7426631581 708.389178508
65.6708947587 146.473825056 393.054711522
182.470374565 282.670996189 277.159880876
282.630694575 133.684683059 354.719410837
-146.813143336 -150.366517549 391.08806336
-14.6598380412 -350.597177079 260.373363555
177.78470159 -299.18790701 287.137283646
