-55.3225491514 20.5225282135 -124.066472693
-132.004454548 -113.190901477 -125.815730926
-115.503637584 -141.840564362 -586.931186036
-297.076362165 -44.2000151244 -1038.56655082
34.6875767295 154.236184195 -125.131474774
145.44792859 102.777457524 -500.27072788
48.8080140283 146.09513675 -843.43039336
-63.7248574164 22.1662692653 156.995145534
-26.5703327595 -1.60635651785 447.605651531
80.0306443328 -40.370800739 518.052652144
112.340437826 -23.903549927 691.360639416
39.9210889232 150.126081268 419.16912173
74.9762276401 308.134271414 242.830447862
236.933444993 184.846541825 312.818377042
-120.43291981 -136.399168586 417.601350366
-127.022945657 -308.57497766 228.362844426
125.495933817 -291.542777855 244.326523588
