-107.84544132 33.2619396128 -74.8163322368
-173.420394443 -107.326899095 -64.2484422826
-91.4882180275 -158.986618902 -432.848602426
-250.168589284 -70.0487941477 -919.212239421
-27.8154219745 173.850886823 -62.4775271358
171.526906626 117.566120146 -346.149591906
148.833486954 119.614337102 -736.220401691
-86.8309857154 20.9598956909 178.728900232
4.19286274286 -16.9871027649 460.553037278
118.014666042 -52.0669665881 473.433134911
202.95073065 -45.4724885372 640.491671468
12.0702932288 140.284350579 392.186766137
-1.64945473149 313.853057942 184.474038858
102.907043641 220.297664347 34.541739802
-84.9668376833 -154.855238489 389.039033417
-152.622881203 -289.903504797 130.145270206
139.650473553 -264.6070526 103.315168126
