-199.072291453 142.059929526 -80.1361030885
-258.571369128 34.2660031576 -66.9622053948
-123.34923774 -238.129346788 -408.957252809
-308.986502808 -88.1754057268 -834.898912274
-86.2758513545 249.85398287 -66.4183910235
188.881127609 45.7154801876 -260.888551502
87.5741238513 93.4302868325 -628.81753359
-109.997840944 77.1833104185 171.599659141
29.8604473849 -35.5052889246 437.738344596
146.677032092 -99.8797568579 427.13809311
227.201778659 -90.5862410476 606.87344518
96.9208629812 97.4304029425 369.636274953
58.5079533294 217.589425641 157.944718947
124.161928595 75.9280704333 7.80412070306
-60.9602057622 -134.885354561 368.229315103
-74.148760618 -213.886580183 105.732306006
99.1837051063 -189.802445514 9.6111253545
