-173.119824287 24.6509512176 -60.0429546223
-252.36715122 -117.72527634 -44.8041049732
-224.812871803 -164.489595675 -435.436148151
-360.28064753 -74.874934908 -895.093461151
-96.5634722353 167.027276545 -47.217135764
106.589872781 141.889031454 -353.064682827
20.0318155721 141.197297939 -755.72903184
-101.343825207 11.5589841653 193.238389535
29.4423641199 -12.5667116563 438.245447697
157.355921553 -40.6512447701 469.885371523
242.999705475 -30.9196689044 676.627514426
31.3432288466 142.864322327 363.595420218
26.0102276823 281.148023349 134.727591191
129.251733527 185.926114427 -43.5170812167
-41.4021223622 -160.112814703 417.092781141
95.3374313824 -299.48896497 157.963747938
294.419885843 -216.256734934 150.106866278
