-93.905596343 19.6109917723 -111.559917162
-143.70424337 -117.97896538 -113.490301455
-127.666075927 -153.279912203 -507.564250826
-382.457752585 -51.7620723902 -958.609039654
-31.6809426343 157.200939085 -115.818317988
154.038111987 117.358205267 -425.73117616
42.9475054936 135.698913121 -826.476870823
-78.43756176 16.3262862427 163.582283783
-17.2810890539 15.8271033636 446.927689671
99.8264032939 -24.6635950425 506.067924803
123.95338293 -4.24362229285 689.917185805
52.6353006484 163.223025694 360.935651543
67.3344672668 292.601107024 148.83259997
168.430109359 181.12547639 -20.6515945113
-100.409412873 -131.525266566 430.260709382
-24.7400021235 -343.361422824 325.891677326
218.600640929 -291.611603665 346.717099907
