-111.690924764 47.3059629587 -93.8728226713
-191.573810145 -82.9344179675 -89.1970712783
-180.494750237 -142.542658243 -481.561281025
-357.69492118 -16.5524084367 -928.351071763
-22.954660124 177.546466155 -90.2017957966
163.410529285 99.8907035254 -401.03634247
65.1194188522 137.816796626 -795.550147313
-83.9493630864 34.1151072455 175.251839389
0.493388442417 -7.94634292785 452.15190725
108.901039288 -56.290729957 501.202189891
142.658657959 -40.0718490892 697.921729671
70.1937378791 141.317696054 378.090911819
103.010983141 273.476990324 161.149683423
257.652749839 141.900613454 85.2474145822
-97.6610612782 -140.528732972 430.319301036
-102.990906936 -301.514605228 179.293790727
150.830644553 -294.709054594 173.25975286
