73.6609428462 111.642097037 -40.5070264209
-75.4254988353 172.537897461 -17.7678376514
-180.312430903 38.5715257226 -391.351096997
-235.407552925 130.114382468 -773.063800389
198.50541233 50.7463351907 -15.022765566
338.31439186 -58.1687159781 -395.130468211
515.419250555 137.538575889 -760.690619664
36.2047717021 61.4438759895 188.177128968
-67.5601584234 -38.4984451333 391.843328232
-110.965366876 -125.943791908 437.343150072
-157.218702905 -118.321606099 623.197239236
107.421142231 -95.9183847776 377.578838356
339.955401282 -194.2100431 184.814452241
119.73364848 -319.769268532 90.3996887748
-179.018753792 62.0905882786 358.835002314
-288.413271401 172.514763236 98.1703269801
-435.992877552 13.8631535863 -1.22924946719
