-105.010782825 53.0827514904 -97.4171202203
-190.161133567 -71.7752124877 -92.131302916
-169.57209043 -139.50348974 -480.469278078
-343.100816708 -8.91531860916 -924.243925849
-11.1559558422 177.940874689 -100.231112792
174.017081441 83.8786716148 -400.82087435
76.2753712842 127.316395219 -792.104331964
-78.7611553968 39.9516503753 170.012412289
8.32669756485 -8.1827153698 445.665962534
110.752140103 -59.7536398049 492.978425711
150.255760036 -42.4530420889 688.940461848
86.7693460307 137.769758302 372.354022415
113.626270154 260.85855207 160.245114724
200.944809719 103.231623069 152.96899348
-92.1004635415 -133.59936142 423.952868418
-155.764803518 -279.872719266 165.232904661
151.639927417 -265.640906697 158.846883051
