-122.299269026 63.0275786115 -90.0911039525
-193.18238608 -65.6361006922 -82.6671408787
-166.211542211 -139.602735749 -470.063174467
-339.102280844 -10.967756431 -915.843522861
-64.2311266527 191.691354263 -83.2831585733
178.257934659 96.7416667529 -389.637550712
80.5952237419 139.389442433 -782.903045149
-84.2535556955 40.983530527 174.8225911
14.4201534538 -15.5869350009 452.150826439
117.864562294 -69.0568331547 484.461079624
158.018339481 -55.6107644263 687.829645938
93.2178119936 133.307545224 379.459183227
121.685959782 267.825964289 166.465975031
271.952777477 132.231337862 92.7397146365
-88.0201185387 -141.0525306 381.633919202
-157.800944788 -293.779443931 174.783591428
90.4001985741 -305.078847554 166.121965455
