-44.6668452144 29.3858477463 -128.721383861
-129.579839143 -80.402141667 -119.397275744
-168.446118367 -118.307690976 -504.362725513
-212.238996616 -3.98274677165 -896.62468622
60.6860497274 139.173851955 -117.004510637
259.647392129 28.6161449987 -429.504504323
261.452362709 50.3424036402 -826.942643027
-98.1780034684 47.8210184038 133.906063318
-112.938077845 30.4618804328 394.917705621
-51.0477526052 -22.1879975892 518.785246472
-172.165630354 16.9824633952 699.295731241
34.8155724725 152.997171903 427.432728197
224.508245683 189.403664957 246.503277219
15.1794450459 55.3107407114 160.712622837
-256.725183995 -99.2008110184 359.14830586
104.305699126 -295.646422404 227.637769796
91.4990795321 -188.91975394 172.709802366
