72.460557775 104.419322552 -48.2526424713
-79.2148583776 167.475185788 -27.4270701847
-184.872422018 29.0990922213 -398.083744085
-239.388442958 114.033775382 -778.706796358
192.725106395 41.3635245524 -24.5877407096
329.781762904 -69.3693154875 -402.608276726
504.970768016 119.260884983 -775.272269708
39.3768287274 64.904673805 182.807348553
-18.4015136112 -25.3771269149 383.897917423
-105.576050425 -110.534944557 442.16505866
-157.188689184 -99.4427869141 615.033151353
105.168816676 -86.7512706698 418.715605638
333.465797343 -188.173905257 174.880758806
112.160282985 -314.700087489 81.177927479
-178.783540155 75.5022428829 350.788952247
-282.916793813 171.494123885 93.3288229488
-437.506274203 5.47027621628 62.6981482519
