-146.502165954 18.5849272118 -101.894981899
-234.905563806 -125.666145692 -106.752778776
-225.424802552 -159.255116526 -518.81681769
-348.753600925 -82.5254408529 -988.402004272
-75.2969280623 162.836041412 -117.013968287
44.8498980207 137.637173047 -438.095447226
14.4065499649 143.606114054 -851.296373696
-90.0646002967 9.50762162369 179.37289414
27.2285315082 6.55183325596 460.170573239
144.667096311 -29.4392950037 505.229210934
178.642168345 -11.7747657839 706.04648783
91.0220302927 162.650756885 374.224024286
43.5134322657 299.96250445 157.987390261
134.568690789 202.148064301 -19.7021612331
-52.5902951493 -149.953512679 443.671111554
103.720232955 -343.184109374 319.891994506
299.019656414 -258.028132334 349.575372178
