-89.2750543785 39.1421214237 -73.7468130041
-171.890130635 -94.2501880621 -65.079656005
-144.065183553 -141.672580579 -457.598476161
-250.532629658 -45.4010819116 -908.805908712
1.07628691176 172.534547208 -64.7568289348
129.991930599 101.00310017 -431.68176522
100.346955943 127.756294791 -777.414953272
-67.2988688304 27.500117645 194.496607055
24.5818442422 -21.4215331786 490.703819041
127.883788099 -66.6037011702 518.260751365
171.972604473 -55.4266055176 733.667149844
91.0874135654 133.922394494 417.889396945
41.336831685 294.407557242 194.739631547
133.632812422 195.245965177 33.3161400576
-74.1336181855 -152.846259981 415.268665905
-149.59889773 -263.659580388 134.708615366
96.1937799372 -259.587355415 34.4517988488
