-86.3533300975 39.1092934522 -77.9880540465
-157.068677819 -95.614347932 -77.7254104909
-123.333793842 -153.464950896 -454.795832663
-225.023626929 -53.4401499758 -897.789729026
11.7917583612 173.833087427 -68.9442460137
142.44748301 96.158407038 -373.772528581
116.401740337 107.54076798 -765.755198941
-77.1136214061 30.6100001231 190.898532206
20.165277348 -15.7130376313 476.305479909
109.700851352 -61.0303096328 522.079785309
162.32517167 -48.6039826873 714.494099473
44.297404832 139.140331008 446.475441934
40.4549431116 292.395510988 174.975293064
133.563268381 187.092226755 15.0928648117
-117.125950719 -148.568387655 443.097891498
-145.661411716 -254.053383126 114.168534079
96.7664140069 -252.925961107 5.15755135149
