-75.9502799608 39.4070101694 -80.9432146699
-156.037127855 -89.8497015708 -72.3912127683
-124.804555866 -143.928946402 -503.158779447
-224.876976817 -39.158438999 -876.373933516
14.3941176731 168.663848918 -70.3047831062
125.434953794 86.4573068827 -425.996883439
101.56954076 117.860409235 -749.629576635
-73.1109818284 32.8077686899 191.376726762
11.8056356719 -13.7432389771 513.352364723
93.1164904038 -65.1812991483 541.491270745
97.5902989926 -48.5638202236 755.329601113
87.6972660425 135.778217168 436.602429884
52.9037715288 275.760780933 173.373269737
198.268049425 169.562597227 11.469859991
-123.691279852 -141.411481711 432.862130191
-148.200316434 -241.623744019 107.857424753
87.9466229677 -262.006270062 11.3513109349
