-81.3889756284 48.346800124 -96.6853696256
-167.55669305 -73.5382966065 -90.1625603675
-142.763152101 -143.420863141 -484.871973849
-242.858449774 -35.4274273927 -933.129587283
14.0125106004 170.232030874 -90.4984326409
133.811390103 69.8322530522 -461.275188206
100.205168855 115.155671033 -803.902333642
-76.1470934557 46.3463663914 183.479881742
5.06290472256 0.462231869835 471.667385399
83.7536227768 -59.4416455708 543.447721173
92.8294665359 -35.3533171975 765.964077077
91.5261659091 142.744145042 439.108882789
121.668863682 253.884377584 173.020657254
216.844155792 108.86594583 84.0953562323
-141.705923795 -122.657494821 439.735069184
-165.288033155 -249.990778687 165.431067184
84.2116257145 -262.116430271 77.663763894
