-73.4656329907 45.4597923524 -95.8646389299
-162.435913093 -75.3706701022 -89.9062438817
-139.556772889 -140.665389677 -535.430899354
-240.750584097 -24.4629978326 -921.306005879
23.0126019475 166.290414221 -88.7677352101
130.934786011 69.775673924 -457.445347799
97.0344208604 116.585999467 -790.095703947
-72.5871587754 43.5083572433 184.822801425
4.20109995745 -0.519274357775 514.572058746
81.7810839147 -60.7792270602 549.069609709
89.8468447582 -36.0787304775 763.520640937
89.3599401454 140.262188612 434.099380083
118.206629813 250.156420272 169.838531523
211.610552684 107.130952058 80.7640425573
-139.904872441 -122.122955935 434.136886612
-163.023754271 -243.099851924 161.28542573
81.465020648 -258.785817813 74.5280003931
