-97.805270631 71.1495856243 -107.664899631
-196.052821873 -44.1041575408 -104.268003267
-171.388287424 -141.32229554 -484.894449591
-266.424372424 -19.4104072436 -922.378769575
-1.21312149044 186.403469192 -103.647691294
102.902602429 83.9063158194 -462.201987508
62.8510840265 153.680028981 -796.564000694
-84.0322683046 61.1988923673 172.812718859
-21.4079493006 0.661360435838 492.187588782
64.1975530679 -65.3870043765 531.138922628
61.6459380432 -41.0854989887 731.799164205
79.0007699469 136.076830719 414.970541175
246.598328657 222.848251887 219.405918548
415.275674957 64.9917226564 155.848099628
-169.942079753 -114.204918773 411.886306465
-193.716028133 -267.305308696 145.845486057
51.870262396 -328.069451638 68.1738590876
