-103.060875255 74.8257205745 -115.346104283
-202.188599778 -41.6597127018 -116.064393973
-178.632481913 -140.688367696 -498.642652815
-274.417234914 -15.7028052325 -937.027635178
-8.04465852593 191.311320197 -115.479682177
96.5987687555 90.1549736085 -476.154310375
54.8878895369 161.120401828 -811.347644607
-83.0324338058 61.539798233 166.866449036
-15.8312464987 -1.99583281114 480.785576068
76.3255999208 -67.2310571658 520.463660329
110.972687774 -44.5711482746 719.534204067
76.5230361356 136.072914936 410.788596777
252.843178608 224.42934128 220.041154491
410.967881385 57.1508480517 224.702471036
-171.975779195 -116.378505111 408.519960755
-199.415507 -273.729374842 140.101333337
47.7120656825 -331.946199928 125.93556962
