-89.5014716433 23.678175086 -109.311725416
-163.31236518 -121.836079431 -111.70509969
-146.702762577 -155.769751643 -510.189019972
-257.956251437 -67.0522932343 -957.799588645
-5.31968455289 169.192550305 -111.637445726
115.985108303 121.847405935 -484.480957299
85.1455748815 134.082347769 -829.632991152
-82.0561754918 19.8126984385 176.973754252
-1.18982192333 -11.6210368848 501.443838396
104.447036289 -43.7906707976 536.419666284
141.719203234 -33.5278868565 745.645961739
16.2010727304 151.997929022 422.936383909
28.9081679605 318.57467584 219.221874673
188.329338909 224.006644816 146.368557981
-83.2258565981 -159.390238055 426.866427329
-84.2117498674 -307.83568826 159.44086247
165.630026161 -280.372865903 146.626413587
