-88.8135367772 30.0984514058 -117.350776221
-166.764392732 -109.114220542 -121.473368375
-148.730366302 -151.249535655 -516.898020418
-256.69847622 -54.8494128925 -961.853351503
-1.62323544869 169.311244947 -121.154577003
116.195466274 110.165544154 -491.827661488
83.6692382528 134.598990257 -834.500808745
-82.1907103558 25.386092285 166.703409227
-3.64133127374 -10.1857584278 487.77327795
95.6485550978 -50.6354285434 524.684473334
136.704121397 -37.1013730704 729.811488285
66.8542263914 149.146090882 410.223702308
38.066013138 308.763182079 211.13074487
198.678139608 189.880139765 206.86511745
-137.788654709 -151.221094288 414.114474718
-88.5313938802 -301.938851321 152.346822512
163.610645552 -273.76819083 210.329568719
