-83.9612420486 26.0159502316 -109.794167415
-159.551031782 -115.64100175 -108.92053281
-131.35632003 -160.957374283 -511.29135904
-239.369725234 -68.7359852515 -974.465862363
10.8416275061 167.673055625 -109.344946756
137.417501422 105.360469 -485.205483855
117.69539171 115.007268947 -841.015122058
-84.4818761102 26.1383274695 174.613524779
-38.6905616487 -2.31995056283 476.368894228
92.7273712852 -40.5366796731 533.966374531
159.20546641 -25.3378263587 727.473205872
27.0028054027 157.460359451 445.270766462
43.5845979452 308.372718308 182.706129194
149.802202988 192.479798566 169.208589496
-125.965354498 -147.355261899 444.940586286
-75.0172395616 -298.31242463 173.961216715
124.400639417 -262.134104314 175.495984553
