-99.5640307828 20.1232650889 -102.388035275
-145.988886153 -127.129755667 -96.9512011711
-110.744389914 -162.923313357 -486.432822585
-217.794104162 -85.0430381563 -930.247015242
-45.8693945687 167.376388493 -97.1219747829
138.225978036 129.541965528 -460.721239041
121.697073179 128.690379905 -802.88751627
-93.0693164661 16.7090363631 170.335171469
-29.1931491686 -7.55649397997 453.738310629
100.256140716 -34.1389044917 505.862878106
164.842319637 -26.4298190986 692.647899211
24.8386727427 154.167129238 424.488258788
-20.7313841277 319.839730613 171.458810766
148.935834374 223.966732701 158.032675753
-108.080932469 -156.339397062 423.186213702
-112.687750279 -310.571401831 161.399105518
192.550112935 -271.238015635 164.386959705
