-113.98528912 23.8793562495 -102.418567976
-164.156883749 -125.517388508 -98.1348047267
-128.967643651 -160.189324836 -496.06428805
-239.575124766 -78.9670510313 -948.047922466
-62.5550627631 173.276202758 -98.1455891627
124.087021974 135.521167959 -469.66246077
105.807696811 135.773428606 -818.45641416
-96.1694001909 17.2346372257 174.784762895
12.3272989714 -10.2107727202 461.241695379
107.86165478 -36.9877354674 513.049488511
158.986682911 -28.748929934 704.316198393
18.2911215236 154.114542631 431.766621763
29.0968793859 311.26369015 175.941450266
140.309623792 208.428218473 161.992930304
-117.194803547 -162.123981281 430.216102035
-63.6024759873 -317.243559848 165.155720224
187.145669162 -262.707385763 168.305983156
