-98.8105869914 32.2794595327 -94.2626053169
-175.338785971 -103.420960598 -82.2416298552
-148.477681456 -150.276365754 -482.011460125
-256.021779124 -60.472725725 -934.099936142
-8.07980243917 167.980010087 -82.184654948
115.522579895 107.505689566 -455.916002478
95.0141111964 126.553598869 -802.787944593
-87.9698561499 26.6189295999 171.545692228
1.37796412801 -10.4528432569 466.255189637
93.2830389921 -48.7639011241 501.334174508
153.144403088 -37.0490960494 708.989123322
22.376391618 144.101228544 394.33780561
32.6094290608 295.099750043 180.829603249
199.889490472 170.957348856 174.602356793
-134.761791174 -147.281679214 391.354430666
-82.8507565266 -286.03232024 119.861800953
185.596227291 -255.528629662 176.102587942
