-40.5241232313 37.0000984736 -128.679921167
-157.426065351 -58.6951881161 -119.098226487
-141.307111106 -145.332277011 -538.963139986
-311.438934826 0.443171411004 -936.794469327
71.4974941712 132.695374315 -118.847038937
265.344140742 -33.5691527158 -515.800242313
320.0748968 18.0484864463 -883.682021311
-67.4894370582 64.8323716141 151.945303827
-40.9930867608 50.3846576349 473.881551188
20.7514447453 -26.3977026712 538.668025845
-28.4495839375 17.8642959969 744.619412408
119.69311562 163.2034129 393.543042718
177.717442693 227.225227665 179.986647968
168.551757863 69.791158463 173.030281079
-160.880428553 -51.9148791185 397.275005598
-239.087819548 -231.411717148 254.111015314
-43.2958177675 -261.059778441 276.372139537
