-188.251928153 149.204223377 -49.7785776211
-275.498361446 49.309119026 -21.5533978621
-93.6552372158 -225.491821483 -357.917655557
-257.239375467 -75.7750301634 -781.306755388
-52.765269159 249.099447757 -22.2167441994
161.729166473 22.3929512296 -276.769062891
60.7428239369 93.8080293719 -639.580437876
-103.004842874 83.0280629473 175.475874757
53.448203724 -32.643532317 413.88121553
128.883617472 -99.0420418597 404.136432749
198.84775289 -88.1568306916 578.452000821
77.4000589582 92.3997805718 346.163273636
89.8452129655 191.894698593 135.102165037
98.1960618455 32.8429113445 -1.95845488279
-84.8677635159 -124.447236467 345.169636767
-103.250797568 -197.862279698 76.5283304581
127.067523679 -177.268132458 -1.77204688157
