-206.475667508 122.75957553 -57.0942982199
-259.004758829 15.6659406375 -10.9322418615
-108.668194097 -222.435294245 -375.664710732
-308.88227141 -98.1349679755 -836.653803007
-83.5184286876 229.853345404 -65.1622837933
149.797589749 54.6222195344 -286.612410245
38.5519658851 102.242903048 -680.875684429
-102.707499255 65.1385421396 181.236685338
51.0085314134 -35.5768682787 407.053531262
164.800681143 -88.1233880358 412.551061067
265.035282215 -81.2245798277 574.667416502
65.9048382838 95.9440763881 378.270394752
67.2689440744 218.913840377 168.97707379
81.9415007135 84.4156939822 7.92588749182
-40.9571778789 -136.344154594 385.994126953
-45.1382904792 -212.993836636 113.931536248
126.660469146 -165.472842661 8.61314817296
