-248.161330792 117.582737181 -115.289443869
-297.642572367 9.76433974622 -99.7648391468
-151.5948358 -219.484457419 -439.670035954
-350.537798724 -86.3885060978 -873.068317859
-138.236299355 225.401331074 -102.220997111
84.855564457 71.4182467828 -359.526644263
-32.490354741 126.761830938 -730.329890436
-144.567138352 65.5709288388 140.965260383
-8.66685208698 -12.2293596641 365.126875091
113.483323037 -56.4799852626 408.481830664
184.848642456 -45.539964795 573.810404794
10.9353432249 112.308458769 341.506766327
106.133271893 199.748464485 164.439830399
320.457762252 1.17904460468 245.116068263
-88.6871111136 -118.617616295 337.741457566
51.0414868942 -279.428704341 166.809795999
309.583753207 -207.24776342 239.771625476
