-233.049724098 149.205304248 -159.020376407
-300.165403961 50.9254644453 -137.508737749
-166.950645627 -203.434973593 -491.072117419
-372.537724549 -36.6230638094 -947.122153813
-125.831464137 247.485311272 -189.220436363
87.4982200126 57.6755525624 -407.093703354
-36.132930752 157.351395644 -796.733435944
-130.034102079 82.9003183254 129.924489689
-0.398663262608 -21.1488686218 363.608375577
119.070311693 -78.7829799652 426.071899988
193.318316956 -64.3035300162 589.578842896
68.2712919334 98.1244012136 341.4193481
189.428343719 160.867425581 287.863763692
258.773975157 -42.2050905578 326.804954797
-95.6024221922 -116.98442945 342.30438555
45.8108791993 -308.974279652 234.80671264
254.518227662 -218.318055821 326.687333441
