-54.0762084008 17.3916818128 -139.130049475
-140.217831094 -112.342814893 -138.09815006
-127.419639076 -145.337074861 -551.104743873
-323.061939743 -26.1253515104 -944.358039396
35.8152875533 147.125976645 -146.117436503
235.774771144 72.4957481166 -468.345975686
223.870117619 97.9124177163 -888.269875324
-77.7426235857 21.5934768858 141.105220825
-43.011998905 23.1324949661 444.383881794
44.2436845924 -32.6196922161 511.94235068
35.3987588956 -5.69870709084 708.182718084
38.6637630397 167.108341525 365.264773553
55.8390892449 310.259536363 212.622672914
65.2104486613 198.00033162 -27.1484788888
-141.588358861 -118.267366976 373.252990799
-47.0016551965 -349.103530455 334.799602663
131.729186771 -291.922860595 523.399776774
