-94.191204165 39.1978986969 -127.94660029
-184.668847515 -90.5052344892 -130.042100896
-166.09674241 -138.042528768 -582.217136473
-358.258416409 -6.80312240687 -977.692874281
-14.4508117515 168.901117366 -129.893534271
160.749338231 111.739093632 -506.6509698
-0.445490266963 168.129626733 -899.457973969
-74.470805471 26.7256391529 151.66691507
-8.79291612489 -14.662323758 428.182750858
89.3295360439 -59.1945007555 492.925250019
130.168560256 -45.6350908793 674.343378651
65.9578813258 136.301612874 409.707983156
112.495960159 294.62750115 296.771258607
266.244626343 157.427266749 311.795704516
-144.989895474 -146.15568623 355.634186551
-24.3535667294 -334.161655802 233.380409208
166.440320414 -293.762526616 313.5328143
