-117.923369815 47.7442734989 -88.3039963376
-207.509152863 -83.6170558461 -81.9916260192
-186.943722443 -146.274557936 -479.046945963
-299.899795285 -35.721067673 -928.126596719
-32.6905657692 179.105810958 -84.3913290608
144.731268289 103.073546906 -456.798854528
52.3717457189 139.628333465 -796.933224401
-80.1713595016 34.1632898096 182.546780113
42.3451147492 -16.1278250106 459.75645159
131.873289667 -60.5823299122 498.941420005
198.029819251 -48.9621055996 698.26668228
66.7911470924 137.911554464 386.543731381
79.9327058311 284.281754709 180.560873782
239.854865787 156.378456201 162.689571879
-99.2252801112 -147.662377687 438.115874196
-124.797910921 -287.109126228 172.894203301
127.009760713 -278.920782016 95.8399318979
