-168.75073798 161.628994212 -77.4713716185
-233.879083147 76.2759056715 -54.0180440385
-109.15430868 -221.641115981 -392.421180497
-272.418200984 -42.4637552446 -811.416471074
-52.8995676043 246.982258933 -57.2829540725
147.867128831 -7.61519271035 -373.149822539
41.9249856523 112.921826291 -675.116516679
-92.6160802357 93.044022408 167.968878967
40.7498642902 -27.7760258253 401.038173736
119.892926833 -101.885092603 429.4052286
182.658935254 -85.14425782 614.915852801
120.229547771 84.7386730955 369.887078378
89.1844286625 157.979367303 120.644773208
150.836151639 -11.8963418771 107.177795574
-98.748557661 -106.265655398 380.176100397
-119.424250056 -186.805741521 117.937926879
113.072926112 -188.177901969 47.743862064
