-49.7356811506 53.9190489739 -141.993459045
-175.84009202 -31.8488022459 -155.529151514
-146.401727223 -168.819233264 -549.430131773
-174.5722128 -42.4473921965 -959.614833666
50.1726633696 139.686862262 -101.33982588
292.925218665 -52.6415308309 -478.867612648
289.193233657 -3.03569480909 -888.587175943
-81.1077763972 86.5887223593 138.412867322
-68.6346417063 72.1943473912 425.638243178
-12.3852711235 -17.7580289963 518.407115223
-59.3245946991 28.507181241 688.645265534
95.2966871585 170.120287591 400.675902568
228.177319744 209.456232305 207.533297899
217.327475804 43.4269351918 128.421795247
-191.32559657 -17.4911348351 403.694238458
-278.486156899 -233.309152445 287.670954721
-78.5075764199 -277.714527054 389.196279503
