-240.402937645 93.3065458951 -178.627982087
-290.377719174 -21.9217890581 -158.40609864
-75.6934054222 -232.530176763 -499.989744029
-270.768228563 -136.133589986 -997.472675368
-135.673398654 208.535083662 -209.655931215
90.8851164887 53.7761155871 -475.350513443
38.6061845591 84.5459192225 -799.734132339
-154.876676848 61.5146686402 124.595938102
-21.6440473345 2.98121492975 396.115743978
101.283390097 -36.4195149664 456.326488529
171.862598341 -21.4383835365 619.434487726
-4.46423145732 133.656007511 364.502320871
102.022309138 240.097021364 265.198375933
227.798203205 49.6728440653 350.583304763
-100.268674364 -112.396402712 368.493106322
40.3284658422 -294.513646355 264.079755992
227.386827613 -168.613708443 354.439472178
