-99.8624197522 21.1595124201 -103.366518914
-148.486579282 -129.021000086 -108.051090881
-112.906664857 -158.301125449 -493.953373888
-225.421107767 -79.6181997193 -949.498972507
-49.8267770141 171.340172748 -107.246665558
144.686013424 131.458037672 -411.942329788
112.722002061 126.962512433 -814.192155468
-80.809788155 13.5814352043 175.029317622
28.9612407917 -12.4303521792 458.930273765
131.332539367 -37.185497716 508.593749665
185.942512995 -30.4684796381 700.861229251
31.2839806873 152.927766565 429.536158955
-33.6586542737 331.290086152 172.224018782
134.566664984 259.260674242 145.305544579
-52.8337270604 -162.914533103 428.769792998
-129.954448121 -316.089690062 171.567785983
114.925543465 -293.143884643 150.138196181
