-165.370598913 183.790759076 -100.655593248
-242.540454514 98.9324524043 -82.1909848066
-119.710165818 -228.026860067 -405.713645945
-222.421390408 -55.9447629171 -823.352340221
-55.2310580691 268.649212058 -81.7025553398
138.865048799 -24.8189383267 -329.038754739
86.5411595416 79.0536585005 -685.883675205
-102.281550956 113.878893555 157.805365938
15.9760903168 -16.4900904519 423.806266964
91.1478841836 -101.293119931 440.255662264
151.553798461 -80.2956068455 637.448182266
101.634397452 93.5314733722 355.588748385
137.898202347 147.92472906 158.54344023
188.850866715 -30.9525292078 94.6728944081
-125.565093305 -92.8441622245 355.463367168
-143.799503029 -194.167245766 103.547240594
87.9481016073 -215.322945191 83.7508613587
