-128.870311289 79.299347075 -74.8013950231
-233.274215215 -43.6249098217 -60.8395670942
-137.067557849 -149.876429101 -439.429983297
-242.303403046 -40.8781843272 -887.860420339
-47.1427440121 202.223747304 -60.648618601
143.254203904 84.9363566817 -415.319516444
101.989696447 129.66499881 -757.239873608
-88.3310822304 52.7246199411 183.292933206
22.5954142719 -23.3577540116 429.278337773
114.514536754 -83.2276858854 477.447217786
176.600895058 -72.8261431807 664.946143596
105.983892675 123.867348811 407.616814683
136.646074905 255.562183178 197.183576158
220.364050597 99.5325396475 117.521365753
-126.66775459 -139.531905574 405.838346221
-213.838379469 -252.902456569 126.85947716
92.8598263778 -257.877619316 42.3140137384
