-125.547084561 79.6333696552 -69.6603230081
-231.366684318 -45.5966876699 -54.2069391555
-134.062975366 -151.676025346 -436.195965701
-239.000840361 -41.8078196889 -887.953126755
-42.9998522028 204.86353409 -53.6071295125
148.223138784 89.9976734284 -411.71706488
106.971504612 136.152936104 -756.622725944
-82.7731924565 50.3028207402 190.277074886
28.7976114504 -27.7157474534 439.284812399
122.31912705 -89.9142137813 484.10165475
184.112523605 -79.9460651501 677.316639396
120.580001085 122.065011753 410.316213129
147.508281477 267.987074281 202.793293761
225.248098932 135.849071886 51.0908533045
-123.399266131 -144.490827807 408.796487955
-218.020647597 -258.55341235 136.458441038
27.4091060747 -277.54552146 37.1017377784
