-77.0521889666 16.6117422511 -150.848304673
-158.373648008 -119.366609631 -154.987256486
-150.394048599 -151.030098462 -548.406016982
-347.239393821 -42.918200056 -929.511306908
4.23331108697 152.59010518 -154.904383467
192.413697648 95.6291209354 -530.21464059
178.072684149 114.325066543 -939.132934815
-93.1735416187 17.9471500199 125.691520151
-68.5848362756 1.67456806994 416.629607292
41.2860223868 -26.3203170789 487.789918367
61.6125765569 -13.7176738805 663.176040755
-6.50287759464 154.60120272 396.924149756
34.214973199 315.493269466 229.991297625
199.173684488 186.909480268 394.831323422
-147.050217281 -141.842145005 343.816254421
6.17026177321 -337.133999104 225.785719461
202.253832762 -258.043927944 404.577388144
