-170.730444618 181.753972138 -63.3818302648
-245.002156071 87.7016982635 -67.9334548472
-115.388721764 -221.833803759 -342.035748552
-215.415150969 -51.9453042636 -804.277065205
-55.6954981096 275.806392672 -18.9432541328
141.172265125 21.4636247941 -313.466089237
93.1057935368 123.862067803 -615.681253814
-92.3026939082 95.7890248434 175.366506233
27.3499343964 -49.801562393 412.460722675
118.590521543 -132.218279547 412.586877159
212.202456951 -125.650213841 574.161078607
110.655495703 72.9577908478 394.095367654
146.315058612 180.000901467 203.319923156
204.293716416 27.8429851766 9.56158649683
-115.144596718 -127.237623247 343.769973592
-200.281690959 -184.257936629 88.3242036966
11.8330939345 -221.30113921 -69.0703246493
