-185.307564411 156.31474438 -67.6496429443
-249.686832914 65.3814934558 -38.8916199766
-117.456730809 -232.223523029 -382.414667242
-230.375598368 -105.610554525 -867.733566391
-69.1134573545 247.248207947 -42.6031434081
130.776148163 -3.42414855759 -359.178709428
87.6567088659 68.4088884303 -671.47803622
-104.836007815 93.3699469586 175.610008224
25.9219378993 -18.978427921 417.280765573
124.133712195 -89.2835204314 429.53143836
218.076400503 -72.358486359 624.98767572
104.005590473 98.5097322636 339.125722474
72.2692870675 180.186999197 131.736703961
120.816091035 28.6197715959 48.6071749512
-113.489409675 -106.7196038 390.65015654
-77.3926534524 -195.090245772 135.994174775
97.9925186654 -170.759324213 63.1362692043
