-194.988532966 146.894766419 -94.1487603406
-260.283664571 72.703402717 -78.9030470593
-126.839836871 -198.556330144 -431.096881409
-241.730686771 -107.549599977 -927.562599851
-88.8221644066 221.086295604 -84.3712108898
59.5429595848 -24.5923150448 -346.937370226
75.7027764863 13.221493587 -723.525389255
-120.861675403 97.5936872014 159.697102304
16.2067545262 5.4853231502 437.359117956
98.2173867495 -57.8847979252 436.427942098
156.56929913 -32.2417164727 604.940975693
36.019755704 98.164829834 364.474380221
47.0033067536 114.246841238 156.605242426
-21.3275112414 -61.4886026438 21.5500976444
-64.625485725 -76.9813996209 370.375418345
86.3792065073 -194.492243575 184.614677012
326.205291028 -91.6163655235 255.623144664
