-83.1904736535 22.889368514 -142.219728067
-171.49811656 -110.61770022 -138.091313885
-163.643379858 -147.106561523 -546.213233409
-364.578190036 -30.2276471634 -943.87350892
3.77943354071 156.396482249 -138.061639154
210.728472168 85.2165949599 -520.03754607
193.863551625 110.297966605 -881.197124731
-96.2393589719 23.9948157279 133.182425961
-73.2872927622 -1.51382765944 395.737626547
39.9133188752 -35.389015008 493.982382396
62.1626640621 -21.2582611325 704.596582972
3.03819056384 151.81862014 376.684869137
46.0128847255 309.42636283 254.127384495
215.863440519 175.196366574 350.409351014
-157.740924459 -141.749875386 364.157899063
-9.9490748671 -327.753679801 178.267821545
205.248341424 -261.673859435 353.318290105
