-286.07954772 33.936250165 -111.000431334
-276.286191553 -102.849209359 -100.510072508
-97.4780245619 -209.520067118 -503.785538294
-170.63829892 -168.377544811 -931.804734958
-201.168083561 170.721892986 -96.0628775124
33.2764692751 135.221567927 -356.398124349
-85.3622565463 84.0376976576 -723.342274018
-155.244236871 19.3353850819 169.022866759
24.7387285567 -3.88459880891 470.341293268
172.801443479 -14.3614477162 459.356907475
267.025923153 -9.40790258008 634.132246501
-34.0666560139 140.379192176 401.066316352
18.28365582 271.503406075 156.025342202
182.148894454 144.852510471 147.947215708
3.6288941006 -140.458724521 402.044450198
82.8237865656 -255.3083196 155.830113294
253.073159463 -128.693105701 141.622784156
