-137.605654167 17.9649917088 -88.827691968
-198.267660271 -125.245581604 -84.3615826969
-111.918145692 -162.423639517 -522.534372863
-143.798373081 -132.48671875 -1006.92661455
-118.551236579 161.175786453 -95.6828974083
-38.8841512689 154.298759943 -512.529703999
-139.316839817 152.398610858 -884.596260148
-64.1166451076 13.8376427066 179.070945052
99.6092157389 12.748802807 420.347900985
195.804255863 -10.3266896086 458.302649553
304.715485226 1.62780842714 628.587432345
53.9524298976 165.50893963 343.177989076
57.5492874779 324.157491812 161.832813493
208.476792731 228.916507621 211.088796591
20.2444241195 -136.271741557 454.875104632
-103.921838616 -350.713129275 359.014241606
110.110610139 -316.510324586 312.591112688
