-161.029432218 -0.367282358145 -69.9138045547
-206.00454912 -151.170750686 -60.5578445559
-127.605805134 -168.248714653 -501.189415969
-158.258096529 -135.103974518 -985.021495424
-147.818854025 150.436264866 -62.1672466947
-57.4079640282 161.552371468 -485.031180129
-153.573563764 138.603777243 -860.307559811
-77.411953069 0.104843441852 193.819884727
90.9249530539 -2.48541308331 444.106807981
194.948466345 -9.1697893368 471.776335895
287.170271208 -5.65415657439 654.862157958
27.7588646596 155.855758385 417.993262267
19.985473499 319.41379915 187.218492629
120.439282341 247.213484111 173.415852256
32.5215642797 -159.064975798 417.499951165
87.0961215895 -313.177992526 183.835352351
184.772301999 -228.737249114 241.7419185
