-113.512928253 20.6090184671 -102.289613033
-191.903857409 -123.329181636 -106.786786573
-112.385326646 -171.381989463 -530.563904694
-135.929924882 -116.778009134 -970.712742812
-53.1914805639 164.54736943 -111.036642464
-16.5736201426 147.55230921 -528.319047404
-130.36191552 160.941531202 -847.731641272
-69.9720202304 19.0997837704 182.335703163
48.0373575768 16.8673865915 478.699375095
159.676247395 -21.1916044516 511.159492816
242.381670365 -4.01278197113 698.19969033
56.3275820539 171.231580273 391.270102793
57.6465221528 317.751301819 134.708339896
277.748933995 228.108057696 54.8165679885
-35.536762377 -133.283070437 465.670245564
-115.895402791 -342.092996832 349.364941037
109.636224202 -341.025979833 290.576175871
