-78.5250249216 8.33122270833 -82.2342077482
-110.099714929 -139.656218479 -80.1532758809
-81.9107912106 -154.791501431 -505.315214178
-114.279030589 -116.754550228 -982.465651835
-42.2090393433 156.318789386 -81.2905410268
-17.3778814034 153.059459331 -497.624752847
-121.112674568 148.68155377 -862.401693789
-48.1390737308 7.05942688351 191.898224772
56.812177457 -3.48140241227 479.768985801
164.362834797 -19.2617222165 511.71389898
237.683336922 -13.177165249 697.905885519
52.9201167135 154.53817015 407.912230042
-9.14378779194 328.441859017 216.270936355
135.810520685 281.451530386 135.139038451
-19.509910079 -154.518075559 452.923791842
-93.6567129444 -323.626109583 227.16888283
126.073391056 -308.000116134 148.483764599
