-121.976748337 27.7263875638 -76.2418964594
-142.536482856 -121.862462043 -65.172904744
-48.2270997055 -161.289102216 -477.692617525
-127.886391571 -113.488074534 -933.526298144
-110.333564259 177.315329846 -71.0780750328
-30.3203394222 166.17897732 -469.363981665
-140.81144476 164.19720447 -825.881292069
-76.6393244636 19.0128139549 194.787665758
36.6831043962 -9.39224215274 480.224784032
150.982638407 -33.8621323357 508.60660214
211.354569555 -28.6835462067 693.558851492
42.3279546639 151.110710386 409.700716618
102.780744935 302.407064113 216.912190017
255.022864229 213.569269817 91.0755295465
-43.131109007 -157.072431792 451.698593182
-108.4470448 -306.754335827 170.486847004
103.524238634 -299.918943013 83.1155508424
