-134.309867878 29.2334651783 -79.8754665489
-181.815190633 -120.686890435 -80.168921612
-89.7545553082 -165.273598607 -496.339712838
-120.536709781 -112.857527017 -917.821637012
-103.972438834 179.153937597 -80.2574029545
-79.3348106827 174.698610673 -494.894309133
-194.67598591 178.887075724 -849.106312237
-74.2559111222 18.5754527255 198.689750203
57.2572909117 -8.01443448305 486.732589018
172.068351601 -34.1967084086 513.177047405
240.310730046 -28.0127860429 705.960110922
62.8497894076 153.778563674 413.672699961
126.234918274 305.899348462 217.116797543
290.935907218 220.837371728 83.6834969039
-25.9039605587 -158.59697364 459.936357257
-99.4477582336 -322.346954813 222.068304919
117.852774108 -319.357284252 81.5782015924
