-46.5041545295 56.5499349839 -140.775669161
-157.831371127 -30.3638676113 -150.422386347
-127.905288423 -175.262705806 -529.457322532
-218.626507009 -23.1821688293 -920.599515093
61.9868002997 143.463677005 -99.2039217316
294.267856378 -47.6279545577 -460.760122589
224.147290829 21.6500138401 -852.318871433
-74.7289183867 85.5038059996 136.910462073
-52.6581972586 65.0856588265 413.609792096
-6.70827474376 -23.2847531213 518.220635
-44.6594603454 24.018571714 719.504294773
106.126238228 164.022676844 389.089977198
227.134918682 203.979397363 187.346683539
226.68437862 30.482962775 121.870473512
-221.882170675 -23.3349286689 389.99488757
-252.083216367 -225.853068996 213.035258675
-64.7012717769 -282.619334033 376.602761418
