-142.116607791 57.9812287083 -102.483340681
-209.39511847 -84.1136935477 -90.4360703615
-112.373911953 -163.530693751 -500.903831662
-138.098888823 -99.0591557277 -927.893019366
-104.115584433 200.076260041 -136.560967331
-94.0437431001 186.288246235 -505.348527758
-212.909851278 227.012760998 -867.708844352
-75.2372535426 37.2255655521 184.766498264
48.529506003 -0.363068133246 477.019442601
168.051446801 -51.0479677569 511.276561776
236.1846901 -35.7364169803 699.480871865
113.9484145 153.200044454 398.726021987
260.494311169 267.687350683 159.514957474
427.935048172 144.603118309 73.7923504801
-51.0232899972 -139.238858341 468.841393908
-190.970048391 -336.964603031 295.300072149
25.8384665301 -380.913179356 223.40763297
