-173.528895553 9.1791958831 -121.271661471
-185.842462928 -146.268792361 -139.368660898
-87.9983182044 -178.18172614 -500.601276495
-180.710484338 -130.505095648 -965.730240049
-170.441762645 164.627329482 -140.558690898
-83.3759027437 185.24606665 -481.670799925
-257.987157256 146.948839357 -793.016179326
-116.721134486 7.70264169725 170.31969529
-3.71250132073 0.0212268376669 474.550714754
126.48407987 -10.5403724866 514.313377649
179.848896009 -4.88170190787 696.600777973
-11.0990053255 164.534156932 408.104352136
138.640055258 313.914799968 219.022796763
310.000108424 200.71595316 163.946419535
-70.5893913358 -162.211856789 451.994545703
71.1504792967 -328.815683672 220.127098497
352.117447226 -241.707335577 165.673098517
