-273.991748924 41.1040177979 -116.308052256
-246.329790572 -89.7483870265 -107.240311983
-80.233158312 -192.542701988 -561.715071804
-213.838254037 -148.428612508 -979.66852465
-182.64368818 171.95659546 -97.7385811402
-4.99369506889 142.683081246 -354.219799782
-132.484152205 109.153780779 -713.746900349
-152.643450564 18.4217882396 164.206943089
-13.7336748321 -15.4430626521 458.083050988
145.94679444 -28.3918620287 465.032643121
217.661494196 -27.0041132739 625.527497148
-23.8864962841 122.818520248 437.130945409
61.8053347428 254.458017368 209.451867184
266.345091321 116.57751792 210.373700393
-32.8549469256 -142.664077682 387.673424513
104.745961703 -247.755870204 147.438607165
280.439974694 -119.557043648 137.500475749
