41.6986103838 107.1971526 -65.4904393942
-112.132955291 126.348738953 -39.4275624849
-203.425255018 -77.8214871563 -408.292750438
-273.584942677 7.43791643306 -793.50016307
178.717454513 88.0455612392 -27.3373455259
318.223519413 -109.652235931 -405.782294506
415.926333953 34.0942799866 -785.794189274
24.58657453 97.591270493 179.519616492
-27.4182521822 21.6200335429 392.806907387
-57.7866737357 -82.0659272878 479.31514029
-89.8020489539 -53.5648644616 683.062263205
155.227923461 1.84780958516 428.497166162
341.009468306 -87.8810680116 237.949117676
188.784298901 -220.778360946 164.017356657
-201.534635969 72.5259106927 354.431201885
-305.794981958 121.813131763 69.0213287553
-384.195926502 -47.5539652614 -102.335082463
