-142.133962953 11.7473899618 -70.5189195284
-188.364320397 -132.148650833 -67.430768423
-163.252146837 -161.322815276 -509.785527678
-197.99639636 -128.137704683 -999.160048582
-113.515509167 155.643634701 -70.9457921608
-79.1926572549 164.434418709 -496.525140968
-129.904847735 156.644481258 -876.710396013
-66.6321632621 7.78218444052 191.90827451
67.7325126286 11.6501600894 446.95465912
195.985465966 -5.51764832301 465.139471212
321.684503028 4.87492472172 612.781212211
64.443455104 162.679188744 368.481569109
67.6882476951 306.389831809 122.690536711
226.690891814 223.616651185 161.648718887
-7.37661694568 -140.637180947 481.020081104
-19.6319291281 -343.893077325 328.79652016
150.994813562 -296.078423051 268.173072133
