69.2562774504 111.791512688 -55.9058965762
-45.8526071535 160.436283127 -29.5896926648
-199.563820535 -23.3954700274 -381.953551919
-264.390976539 48.8359778476 -769.435320943
185.414042073 63.146741662 -19.2723258242
309.543055155 -96.1723933917 -391.857797665
404.465380295 62.4182745553 -768.336433984
45.4587508203 84.3755186219 182.942428528
-22.8692078248 -2.39767168146 381.411422405
-71.5729007043 -98.5681589877 463.666815656
-96.9748928285 -78.1783769181 671.463607309
153.945587292 -49.5071252092 421.885018365
330.324818485 -159.045087643 178.572869464
171.314567479 -295.959281945 151.197183405
-188.888107643 80.7346985188 353.169734797
-291.152917358 173.194968836 74.2188877627
-445.314920913 10.3697497839 -103.121972119
