-105.43340353 21.7544249177 -103.753997546
-168.801587654 -112.676480867 -104.178417415
-139.897402893 -146.115872919 -547.791449093
-174.315788342 -100.931899894 -1033.28498812
-73.3236848009 156.185502789 -116.471550049
7.24782227132 140.932532471 -538.734030147
-97.9888658035 164.423365718 -911.875068103
-51.8619802579 18.3992525422 168.281822231
76.411533866 20.3673412173 452.152654623
176.797179629 -18.0693670506 466.678863954
277.068900383 1.03537069025 624.267967333
90.8835868294 165.716934277 326.949437277
102.237311764 303.922321879 136.615611527
186.330034958 186.516880806 191.443947817
-9.86990053606 -120.022666739 445.095905168
-144.492914219 -352.952697356 425.063893723
68.5109541654 -322.606598434 442.429736975
