-93.7798053188 25.1533645923 -106.517506141
-155.670366753 -102.54120724 -110.564292169
-126.533596571 -144.448241997 -556.278765975
-158.693169138 -93.0817803601 -993.324865191
-53.5540087758 152.848090325 -122.589306435
-36.2159764159 143.273009941 -553.604408721
-149.093674572 179.310473237 -923.62331672
-43.5081855647 21.4848381786 165.623774885
92.1574139576 22.0750895375 451.793954858
178.218423956 -23.3330326428 467.949693976
294.5499567 -2.82341148238 625.889322661
110.639608551 161.318496546 324.367163115
126.21069956 288.520935222 131.011736799
210.328103263 150.471559968 188.648321435
-44.2870008381 -109.673803052 452.242577315
-189.924787321 -335.281057054 426.348298558
80.0867983265 -319.924575828 452.99496764
