-102.152661191 37.2196724118 -105.075327871
-169.938046007 -86.0694857359 -102.287863906
-133.01560701 -149.314442462 -530.684902467
-165.977410922 -77.9263756979 -970.767748216
-56.9233520836 160.508969566 -115.860205854
15.9489686254 136.519588513 -537.776159238
-150.454858725 192.915787385 -901.577789765
-50.6827178879 31.1696252898 165.934047832
84.1351189592 24.3234429729 454.082671107
170.344843958 -30.686653304 470.65019924
282.008383859 -6.65880858241 627.904207629
109.849705468 158.664319228 324.959683611
179.391250954 259.937345987 76.4662686601
262.325311529 115.185254555 126.500251734
-56.9811586899 -100.290466893 455.728098271
-208.163559619 -326.104424719 429.802150935
7.79525364986 -333.238853941 455.076467224
