-126.239367934 187.43642957 -131.795785432
-187.977268652 143.028744048 -110.67664552
-131.525893532 -190.508500743 -478.842066498
-160.76195204 15.1756728418 -872.636576176
-51.3898806378 231.84431831 -123.858661832
31.0505073069 -79.9983842925 -478.681513713
-82.5272637301 124.238709603 -751.099442441
-60.5152185338 116.817088064 141.289911408
65.7757573672 -0.0186628994546 418.419699329
115.277410306 -86.9014940859 443.906387571
232.102523886 -51.4223754845 618.645748967
102.603096778 76.4937918656 295.888785052
176.558165835 67.0962047661 63.6129082463
156.479407389 -100.561430165 181.38764772
-67.8162687717 -46.5295142495 413.515224293
-148.850354554 -204.044280882 316.613775814
66.2794233897 -217.287288264 329.9069938
