68.6009799132 100.750903698 -38.7424979446
-78.2081740889 156.975915109 -11.0575827686
-179.652535615 21.7664520451 -382.070265461
-244.530482383 101.978527018 -755.447833425
194.274256135 44.5259349102 -10.2907068285
335.896936403 -62.5597725058 -441.508922629
439.857222314 123.929704616 -757.448148076
40.6396961865 61.809091889 192.091297388
-14.3774747435 -28.8193325567 390.177045474
-93.1449333982 -118.814043988 450.598215854
-142.792380718 -109.187511435 627.554279497
109.592143555 -82.9392476981 431.276473269
335.916826994 -180.609079387 189.573695562
119.869465835 -306.067085172 95.4991839066
-175.01636174 65.234059754 364.006839409
-272.923916895 180.007013187 99.7200655066
-427.905525058 28.6089182399 -76.8260902191
