-101.403382401 23.3717703852 -112.587637561
-157.542951226 -120.450748874 -116.720002055
-120.016991314 -164.495518551 -558.990264424
-154.867706924 -101.445158021 -999.668911712
-58.0620003167 167.194467383 -120.886229336
33.5068559536 141.173136235 -546.844564622
-76.7971274146 156.879113999 -873.689871359
-70.121833484 24.3008039581 178.460205606
32.2350283866 18.4187781162 484.085306975
145.302247188 -20.7850676598 524.068725563
227.59483116 -1.2646298921 715.899393967
44.5472010095 173.353950032 401.667186934
117.203347346 302.584196999 139.395172644
211.977831365 181.465409072 129.743357395
-54.1481892649 -131.017963544 470.161374673
-136.122639396 -339.020599371 351.563249641
90.4925106506 -318.16621253 292.935274375
