91.2320230828 114.037643866 -43.3804167021
-20.7848178608 184.555250203 -13.409948665
-186.880161364 35.9321603242 -377.469477597
-253.697784239 103.17762655 -774.433781361
203.155998421 43.5200900652 -11.2928441025
333.908371578 -73.6490490742 -389.970670195
450.716691742 95.8355469906 -772.082343124
52.3788367507 68.6435385058 185.618523575
-16.5482709595 -27.1936268231 392.398358184
-105.857841803 -112.153412771 433.869101234
-159.810822333 -104.654799931 633.578824834
108.739628162 -94.850695417 385.108999654
340.689675641 -212.131826419 184.559147438
105.476007879 -330.992624885 99.3839766368
-178.475636723 79.9515369333 315.981670715
-282.401553925 188.869371262 104.474391878
-444.087326032 32.0881487142 -2.75069963392
