-105.764349546 47.9766532192 -77.0588099332
-138.68627726 -90.652229139 -74.5768600741
-94.4086612659 -151.448606633 -492.664720489
-119.719159375 -90.1973657129 -914.829964704
-80.8444178801 186.60569014 -75.1282572987
-71.4784306697 174.475373385 -493.946035861
-191.929525996 215.559521691 -853.246160769
-55.0421681716 30.9228469693 199.854206954
59.85243012 -11.7470046767 493.444267007
166.375405639 -57.2289517764 521.238516604
238.947874258 -44.9394698808 714.572052594
123.274196032 139.35145985 417.471861179
206.211760804 262.934409206 169.803498762
360.503915564 160.759898527 78.2949052641
-80.6735281709 -143.052990126 468.851152018
-186.094151035 -286.621587071 231.390291856
-24.9560251287 -340.789537111 78.0016514477
