-82.3086598941 43.3078790428 -76.7451810571
-132.469857243 -87.0957259088 -74.4227572997
-94.9235149704 -147.826820762 -488.044217819
-118.297384096 -82.4806760764 -903.77968939
-24.6272725476 173.711654628 -74.785494617
-68.4070234371 164.437103174 -490.099102688
-187.869526114 221.545121899 -843.088132208
-42.8934660216 29.956751892 195.655285402
57.993405645 -10.6580856841 487.031235236
158.16866209 -61.0552625921 517.732792848
233.468830754 -47.0174769527 705.7787661
123.992127856 133.67473688 411.56247033
204.986347001 261.083902037 167.224780696
365.257129803 154.939346487 76.3511354212
-84.0989576295 -132.342594965 463.15401907
-240.832865567 -265.696430856 236.148853685
-34.1714394726 -336.895838877 77.3042522314
