-91.3981190622 48.7674170304 -84.4107414404
-153.810031801 -78.6813227619 -84.348573528
-119.174639155 -140.953426522 -502.284869766
-141.739493526 -78.4646621039 -922.916802018
-39.0057129797 176.216324339 -85.1735152965
-83.2330972907 169.399983347 -504.482454566
-149.543697411 228.290219443 -864.512880059
-47.2072710924 32.6222731137 190.909103951
44.7913903495 -4.88664125005 475.508247998
156.708285657 -59.3286426738 514.366874028
227.93601744 -42.7666120456 702.433102045
121.100636353 136.085801711 397.748583607
256.590102041 252.281651943 161.154671575
421.592813744 143.349686579 70.2893114576
-58.4240637428 -125.168666638 467.419716699
-262.693495299 -285.07986454 298.667835269
-64.3867287319 -365.285517915 147.021063236
