-111.325713896 52.9328178819 -84.4267758327
-154.252253924 -83.8710659318 -84.2475086814
-112.119172357 -148.371782733 -498.658822075
-135.913504185 -90.5902778654 -918.967407149
-90.7771227386 189.736844943 -84.7501864986
-80.6256748346 180.930095178 -500.060609088
-146.362188357 225.434972052 -860.83739505
-57.9278359208 33.1883302266 191.928469796
48.4413815302 -5.56079301166 473.313265753
164.860901953 -55.1941940499 509.065103222
233.602852721 -42.0098614133 699.021023135
121.134471502 142.899260587 396.254128836
256.462876648 262.448259809 160.259575184
422.92465715 157.644993712 70.1730416658
-52.4576717822 -135.025938242 465.060053237
-254.441452251 -307.078104133 296.567977731
-55.6171991202 -379.057561816 145.081962143
