94.463016993 118.741841997 -44.8371130663
-15.8016682983 189.963232596 -21.621387035
-182.913791798 38.4083300534 -390.233954368
-249.413499372 101.952002151 -784.196885364
208.720276165 47.5204958903 -19.7991563088
342.227924118 -75.3245476714 -397.170479999
460.799846974 117.424914289 -711.725107568
50.4374115457 67.3437768323 187.642558057
-16.9223399943 -36.2727820703 387.151801265
-121.245847669 -122.076708025 434.286872325
-215.054603052 -118.75408646 629.898669045
109.442764317 -103.180908527 380.657125444
346.656420557 -206.380278362 183.83396166
112.261026884 -328.833462112 76.1295205279
-178.566343444 74.4781881267 361.14868446
-279.436316363 193.169770462 95.3166587857
-441.999696704 36.171698916 -15.7001632171
