-140.40148043 43.556343385 -94.687222327
-174.60545011 -105.5161851 -97.1680420271
-80.2063134683 -162.016895362 -519.126126731
-160.772262134 -109.184530253 -945.590108822
-131.428895014 192.628997416 -96.2708559893
-111.722071447 190.042171704 -508.974518735
-180.368340394 206.013697737 -879.361208848
-82.2534305392 27.1241879408 187.236180818
23.0894130161 -1.40665895423 472.220298021
152.091421673 -35.0216586072 510.916827964
211.277208929 -25.6290933333 694.964366521
81.6307552923 157.146896478 396.593096673
233.738195482 283.180707303 212.187864019
403.767026738 167.704567299 142.088941991
-66.5235626316 -150.227753985 460.75801077
-134.978552089 -343.975144087 280.79557366
87.1028478738 -355.689291095 150.229459907
