94.5277124978 119.039855874 -41.0134562072
-15.5913499797 189.61688885 -15.0016292741
-182.015662357 40.2203168368 -391.456353072
-248.815349005 104.979901724 -785.058801885
208.252531219 48.4628607512 -13.0070939671
341.585119803 -72.6659534045 -390.053949317
459.666305613 117.232743533 -712.121027116
49.9252036374 66.8049128501 188.343300397
-17.1486194631 -37.2000253909 383.343270474
-120.836211767 -122.672929869 430.115173784
-214.592667898 -119.835963972 624.771017893
108.841586932 -103.209906703 376.992378865
345.553225578 -206.655763428 181.197699676
111.788448163 -329.039495198 83.3191950743
-178.278425666 72.7666489375 357.456459226
-278.560550484 191.605633025 92.0487248095
-440.684592466 34.9107981924 -18.8789180432
