-268.780366741 53.1962976858 -114.962129556
-255.138172246 -77.0202156506 -107.617671383
-90.1352640692 -206.007587273 -505.330580493
-219.675873361 -148.457323728 -975.549758056
-182.518703374 183.412997546 -100.438573928
44.4912911285 121.795260842 -353.188840277
-74.7723407422 93.6046495125 -716.247933578
-151.152289907 28.0564279161 163.781854433
24.8645863485 -15.8262768688 453.469474603
150.422789037 -32.4953247439 457.738644575
219.145428293 -29.1461036548 613.226911232
-27.297397605 124.543403286 432.072530886
50.7299832837 254.677349817 203.928672648
196.977111039 113.962236823 203.949795059
-34.7007822854 -142.352742579 383.990271299
92.1151265795 -246.698583043 136.782404883
255.915007238 -123.16837882 132.302956144
