-261.144997354 38.5781135263 -111.093094985
-241.809234469 -94.4650080137 -103.7590341
-75.1079753221 -199.021704637 -502.653862589
-206.390975782 -159.993197126 -973.514349178
-175.344080951 171.621357434 -96.259047144
54.6051848883 130.705167039 -350.326995292
-62.8308295113 89.3441359426 -714.387803389
-144.391305189 18.9001451036 167.860523499
35.8276167468 -12.7094865752 458.926469091
160.922000238 -25.424619773 461.007034608
232.336402795 -23.9889715847 619.135237789
-20.3454603608 129.051634637 437.539909729
-7.35383339118 270.531541626 204.171986496
189.313283282 155.009565635 143.47229571
-22.6893293249 -142.973604977 389.623769041
90.2542730594 -249.270366979 142.27382529
209.53495855 -125.840851826 142.708789478
