-160.603849708 14.7675576813 -68.4141178933
-204.908040488 -130.20313057 -58.9838360029
-118.868149451 -165.128101251 -484.367647928
-211.229403032 -119.699197536 -957.010495648
-135.442792812 159.738357327 -60.7090917236
-36.7792858942 163.080755154 -468.157931471
-143.737022841 151.73781392 -837.040344574
-83.2852269694 7.95936594304 186.123758268
51.9761419875 -1.85678704281 441.491675174
178.710307604 -18.5180235973 454.580665612
289.510244014 -12.195401053 597.103911266
41.1886187769 150.830782602 413.080394004
52.6747123421 296.131297996 128.343687937
200.92729042 198.05976155 179.090786828
-17.8559184911 -150.46620478 423.843808206
37.5791732784 -313.311337033 197.132488564
194.964432235 -238.906814864 261.755024393
