-217.580386178 -139898.526472 -100.945825821
-240.412897979 -139988.159361 -79.102169744
-100.84363244 -140205.017005 -484.32760105
-210.559775576 -140086.833169 -960.374359098
-128.902579284 -139808.893229 -95.8555562606
6.69204911459 -139984.162391 -480.101880467
-133.298768399 -139875.43446 -830.536900043
-102.025319774 -139957.258504 164.487094352
57.3558229338 -140029.411771 409.630617878
168.621659016 -140082.454428 426.258651409
286.970760678 -140061.972322 560.946631244
62.2568750255 -139920.429373 328.34520244
135.984714668 -139859.807789 99.9532215837
197.467895004 -140027.980042 226.236794717
-26.0302191646 -140119.150046 442.372507015
-35.8149420249 -140283.099291 356.355266263
129.133190333 -140203.794369 314.379825546
