-203.68882195 -140863.75425 -111.451403182
-226.421827969 -140952.598166 -98.529595243
-85.4634438869 -141176.133908 -501.369823808
-195.179472861 -141064.679414 -981.509080791
-112.817810405 -140774.909991 -110.325004002
23.575471268 -140959.329735 -498.323896067
-116.816839597 -140849.404791 -851.140556174
-94.2674984857 -140915.531853 159.268694756
68.5795729996 -140977.125464 402.498520067
171.584758317 -141032.799466 426.253832931
301.286283756 -141011.184394 554.675644992
78.9104710879 -140866.95439 314.006194606
95.4861708493 -140783.743228 139.908084172
150.995919711 -140957.885947 208.461316157
-22.7468833453 -141066.556038 443.309143263
-84.2261743639 -141242.22913 413.786445187
124.837045332 -141153.465572 378.642362737
