-125.882231658 39.9813802132 -85.7122241183
-210.980606377 -91.7251256384 -84.4560713139
-126.33847577 -158.399614274 -513.273783129
-215.952941908 -84.8529188382 -956.012872917
-53.9186819165 171.688064472 -95.3942616274
-19.7064823229 142.316907991 -464.439397422
-139.843839094 168.816182364 -885.266119097
-61.7811247179 26.6006999264 184.564181866
58.1050190329 14.1376393912 473.535221883
183.89026382 -33.2774786242 480.607670427
298.306278178 -12.7521049396 641.216187016
116.5864185 157.749817002 345.167404002
135.176658348 273.037662802 88.6166114392
213.798712037 137.285655267 64.1268017247
-38.1037383789 -122.633864726 470.785386708
-119.53380241 -325.152142528 370.595916234
102.405482083 -304.051281101 317.559906628
