-175.443253178 173.455809253 -111.24180094
-214.251606172 100.883959244 -98.9712293483
-139.571513672 -184.903360921 -466.728735254
-182.213784272 -10.0592641335 -928.591969251
-86.2568707916 246.027962701 -107.291493042
27.7103485862 0.27640899042 -414.547149471
-101.970802358 150.31787217 -748.648060363
-81.600232468 90.7130227439 161.108995593
69.7194513087 -27.2443590845 430.781895092
157.168845379 -107.128194206 435.240579465
287.702017688 -85.1259164617 580.5739816
92.7493718599 75.1450091677 351.632500092
154.654115473 133.056342185 74.6087372646
206.642678544 -38.3868934408 119.72870191
-27.6350383261 -94.1122945033 424.92809996
-148.722730224 -228.862775883 323.573690237
61.4443624115 -224.832680956 268.71268778
