-109.934657724 14.6936676753 -91.6128500523
-167.170018488 -128.200043856 -100.03648769
-138.011944571 -159.659636689 -529.985451288
-177.798677512 -108.880074057 -968.956681152
-75.9167386939 157.587567315 -104.547369796
14.0215406747 149.405990541 -525.177547434
-100.318470126 156.184778623 -845.190246678
-55.5887206488 12.1888776055 185.747471933
76.9877603788 8.17836935661 472.708245426
188.241537942 -18.3388189822 490.900898296
283.666433015 -6.3378135673 649.459738128
77.1856089501 162.17672274 400.678648577
16.0688054157 323.359685769 153.80303718
180.36111524 246.620300292 123.293375741
3.33317303335 -140.287002431 466.131561487
-132.222591886 -340.079454577 348.917458769
139.814004555 -323.459567738 229.476024541
