73.9756817621 97.4646038093 -49.1144611879
-67.3750844569 157.025153314 -19.7293795146
-167.098885489 20.0974405127 -385.843513988
-228.074584825 99.1551238573 -756.117189807
203.989765237 37.9041294519 -17.7968698762
335.310628499 -72.554224816 -443.51413545
448.994573657 114.040988142 -757.891950319
43.4285041612 62.4543644238 185.082524427
-54.7100093694 -22.1068647371 390.393346206
-99.0304287369 -108.74235313 453.567571206
-134.711938594 -95.8987261747 669.813939935
117.911588429 -81.0422490871 424.873111399
345.18932481 -182.32164237 183.534011707
132.098065959 -319.133944055 89.3138863743
-165.357126034 76.2317211758 307.658732999
-274.785633657 185.320334585 95.0365925905
-491.380684172 28.2140421244 -10.9210271371
