-79.9417532264 11.9995663328 -78.7531303297
-141.293496896 -134.518283632 -84.1846408148
-71.2153551767 -158.025653077 -504.427393953
-162.446914686 -99.0266361465 -925.944126383
-21.6101376022 158.517445518 -85.0086488865
19.8764012921 149.591830532 -494.564509789
-94.795846875 149.506315303 -807.453858138
-38.0208331754 7.59076437969 197.587966776
85.3050643175 -3.14067532262 487.54930586
191.451536834 -27.8576916529 512.308360634
277.770951633 -18.8952818609 701.652146494
75.5450816515 154.029994159 414.430604564
-7.57817286153 323.613198978 212.417010258
24.3329481638 286.760400695 -13.4027037294
4.11711410251 -152.910085938 467.744296365
-123.285194282 -322.368540166 233.595415008
135.277557168 -315.870009009 150.089967033
