-89.9280431057 2.8740697322 -75.1027112758
-120.490961241 -147.363330273 -74.7235361698
-45.9640190344 -154.378971986 -489.281958791
-133.966599051 -112.098341209 -955.479525914
-63.2322201094 153.111526733 -80.7003124499
27.8400829226 161.382913236 -425.174840914
-70.081167875 137.476440311 -784.490075531
-46.0013594511 0.329146049553 195.786257405
90.0020269642 -0.577744235158 476.333675623
190.573234562 -11.5817194443 499.193074285
279.104897727 -5.54518790307 684.271537521
35.0654456613 155.644459382 405.975724889
-57.3561946528 321.028577532 209.289249607
-24.0422451434 310.058339157 -12.1712177086
23.9197524739 -156.246088308 449.426792948
-95.9412812823 -333.677095836 218.339464477
155.142482601 -320.43699293 135.296151663
