62.552807546 107.847425673 -64.9748563243
-83.3941883304 148.776498559 -41.4303571755
-177.035726765 -35.1248269047 -398.346900836
-228.893326519 47.9770435908 -771.762006276
196.643919083 66.9183860754 -37.1808397067
325.847997513 -102.687301337 -397.641847073
419.058953345 62.677573029 -762.405769991
36.8895248293 84.7144591085 177.580296598
-59.5819708626 0.0137571554756 425.610080976
-81.3870363841 -96.6170340225 466.036930924
-134.282131257 -74.7903643061 658.09947797
165.036387335 -39.8849594259 410.907557058
345.148146263 -128.689568702 167.528159883
193.416041308 -279.872135838 136.532171694
-176.408888675 79.5063558462 341.282806131
-288.793159398 164.936440356 74.0721427198
-496.762053046 -8.48793521658 -32.1832523139
