-115.214895763 38.0806633435 -60.4754144017
-164.778328816 -103.09177186 -24.6341372435
-78.6235982883 -147.807952297 -476.845578296
-154.940868378 -101.614119315 -943.418284161
-70.3113530684 179.25326872 -66.7319320693
-40.5703456417 155.313882497 -421.422784677
-96.3301285302 167.65806172 -826.982253259
-67.5780255679 23.9447844654 199.326108369
65.202270917 -7.30076656247 470.1844664
153.743857066 -42.2239487444 498.334684498
202.193661952 -31.3751987536 681.280640213
77.3362752002 145.429417191 396.962576528
145.849940032 275.332761493 155.845370879
243.728668016 175.328396146 72.8350873922
-57.0459064668 -146.560881655 444.820109434
-136.413274262 -292.970040054 211.968027055
64.7029873516 -296.152684314 76.2620727983
