-109.976085764 54.5820071363 -83.7500141405
-176.044100661 -77.6620179398 -85.2492296562
-139.402251769 -141.073500325 -506.442024212
-166.471631948 -71.5898186141 -940.368062402
-57.4782118227 186.826235722 -84.9781427437
-36.2273109822 154.75068798 -449.935671052
-96.4019396573 198.425377815 -816.285028088
-63.0694982148 34.138893391 191.659594215
71.5227505613 -12.5309540467 482.731566859
153.8997036 -65.2327228344 512.062266196
214.650623338 -51.1021970459 706.224216787
100.651724427 135.773106668 405.539492717
183.204491854 266.468387058 152.887373671
394.230118656 158.77613736 69.5752710809
-67.6037797382 -138.15538897 458.803277461
-217.618195113 -285.834282142 228.626922797
-7.01228713439 -353.289648268 135.743822557
