-159.41530182 31.8955130673 -91.9416775539
-206.650273541 -115.876107031 -86.2957851735
-125.695613375 -162.877219995 -492.582751215
-213.978681429 -101.796475915 -951.085317521
-127.235029772 179.667266863 -86.7900325919
-40.8882259585 169.08596699 -476.534454074
-150.478800174 175.959295642 -836.266590659
-106.105872516 20.9307546163 181.264666703
15.2969032048 -5.6076489726 462.060888485
119.991744173 -31.3233213177 502.170657563
150.348881459 -22.6646666078 682.743879609
30.6714753224 153.20388517 390.604825993
169.589527603 281.077717657 210.011290304
333.725885683 154.370759879 154.007623869
-96.6924175205 -157.54673367 440.149500856
14.5128909265 -328.489684242 211.36464993
247.473477669 -273.022232026 146.65397936
