-271.10217674 68.391867866 -108.065367459
-261.698922013 -59.4591691079 -94.0181834266
-96.224884026 -208.376918989 -522.867855174
-227.304693333 -129.508796356 -924.48873219
-186.722575802 196.243116429 -91.6716337577
39.27606655 120.057554734 -329.843507203
-85.9813053158 110.066843833 -725.934857082
-155.668554906 35.2943722147 163.443406312
9.12569045123 -19.8358763817 445.195594066
134.279092581 -42.0687633251 452.076778658
187.731689149 -37.8364129546 605.208136788
-29.9463270126 118.841553548 424.317297136
94.9648120941 235.679551509 206.106964962
237.211118704 77.8537529368 215.724202309
-49.6276553179 -143.187013303 377.574437908
75.8966661415 -248.020349542 135.762940591
293.300319969 -140.486202475 79.9333058517
