-268.959140479 55.1018603083 -113.870987139
-255.887466655 -75.4259920773 -104.442352377
-84.9588851765 -204.172614048 -550.175479477
-223.329960342 -143.877361951 -959.26921075
-185.785747939 185.629887124 -95.4055873061
47.3615091199 129.597608696 -345.960577482
-79.7000956745 102.801404292 -699.881452937
-153.181636108 26.4939135553 162.619130225
17.6981054064 -17.8571085464 450.492978967
141.885545858 -36.243036399 457.7289607
202.483062519 -33.6086131706 615.428532048
-32.8657233804 122.327388738 429.588856722
48.9496909574 254.308112683 204.091693395
245.061668199 114.3172505 205.049953946
-41.2306703592 -143.913444306 381.323114173
84.2381095129 -251.637384015 136.706419394
257.966404047 -133.676511162 133.834639612
