-123.523095613 -12.3201704591 -55.8962904327
-153.487054071 -161.76282117 -50.1672279579
-79.220915079 -163.864514501 -462.492380702
-176.932553268 -128.259964149 -925.458630331
-108.067547983 137.122520326 -50.0318976426
52.1924855316 170.216547633 -393.336709006
-31.3841027009 141.062880737 -804.68285975
-59.7094754512 -9.5021717309 200.308337059
73.6833068827 0.415227869843 487.729613594
198.008634796 4.85699880536 470.018072428
308.547827564 7.56637331441 604.544357243
3.34751453421 150.193503313 425.569718602
-97.9043235885 304.533247186 189.379977076
-65.4309343915 307.897888188 19.6396946873
59.2751729542 -155.222262263 422.991348043
6.35017388987 -319.794858686 188.693889075
209.030949715 -274.947332126 106.668119206
