-11.631695881 52.3450987123 -124.574163907
-132.564185673 2.9176925574 -106.960527346
-128.960492966 -170.099304934 -507.367395793
-283.715467692 -42.6566726569 -908.358023148
112.410273273 101.772453556 -105.466631534
286.257557582 -117.937666439 -485.966007176
347.344837104 -35.1717250723 -848.524387431
-36.825092058 98.4532175292 152.562590881
-29.6850762101 81.2927549438 438.517437293
-19.7517264428 -17.3071876976 543.157633969
-90.8550785724 39.0870644482 756.925793154
156.501180621 137.362637217 414.931895907
291.66435116 136.142761209 202.014104064
207.635028833 -20.1597288178 112.884514943
-208.275017336 37.2631519621 403.881891339
-319.313441196 -90.0663023065 203.761227722
-208.444468902 -203.763782977 205.747260576
