-127.916180012 -15.0678901596 -79.8198774912
-167.570298341 -163.815444102 -81.469608949
-89.2513063291 -173.86943295 -523.513361558
-186.789644927 -153.441492063 -1004.83569286
-117.815952159 133.679818852 -84.3585151483
-8.46319209345 165.006783079 -501.964663472
-111.335037305 128.248462496 -828.038985502
-58.5429507937 -7.30659566321 188.131791054
76.4523423014 14.4579971336 436.853522979
200.685709885 19.3442173868 466.382364068
324.943384785 26.2098888201 602.976457196
4.66096899325 163.346364011 408.182574782
-81.7295006051 332.60292241 177.767713671
77.8983337911 312.355797779 156.823168687
59.3707471912 -144.943376598 467.151968593
1.84401703712 -350.589669633 310.013135588
217.78513765 -287.10638415 239.041981037
