-260.237061012 74.7861726167 -92.9379636357
-257.33160045 -36.3508343018 -76.9341841651
-100.19404286 -181.718256132 -474.513828629
-226.484921392 -101.551452661 -935.471054118
-169.788392348 185.923363182 -85.8548122008
-16.4761296896 95.8431196629 -459.966920229
-148.209009123 132.446516824 -809.947678458
-120.506272096 36.2533704081 170.891990886
44.0890509752 -17.4851739984 448.786177616
187.753045146 -48.6068038863 427.389368681
319.245125044 -39.8659054018 549.930151996
45.0222431013 104.923663991 376.415270652
104.544509772 200.82432254 158.962829719
183.995330759 44.9329481226 215.180325995
-28.5144816364 -124.441789578 429.132129588
72.3466130808 -246.961797942 172.158704004
177.75570492 -130.725872834 293.949007472
