-144.868088196 28.5219333835 -90.2282870978
-218.110111438 -108.098302413 -90.9874981417
-128.865657625 -154.339639658 -542.306902404
-226.934827285 -106.638489813 -1032.04628099
-119.993835466 165.142283166 -96.2122911655
-34.4418047009 156.845693185 -531.360365808
-147.532864574 177.302483585 -910.903872763
-61.1781498467 16.1767740671 175.732045092
101.937506003 15.9549524445 416.724802972
196.713273321 -21.8478756427 446.965256132
307.986057391 -5.05718947626 580.232259666
107.096717602 162.096660185 336.636173137
120.056820362 304.145335814 154.655186061
212.536141151 189.762594929 143.427570737
-28.6239654996 -128.027160546 462.489743268
-51.4701886919 -371.606388403 436.033784525
106.360012776 -322.837466948 464.806312814
