-162.268975262 -79988.8833212 -120.55835344
-233.996738576 -80048.4870432 -102.971302817
-130.818323512 -80324.4352018 -493.785123751
-229.708179828 -80119.0696536 -901.218879468
-70.2976091227 -79929.2793757 -122.204399949
38.0465476604 -80178.1390256 -498.612486644
-139.047392939 -79965.1726093 -830.85945731
-66.3768818656 -80074.3199676 149.82527852
86.3513673853 -80186.538789 378.58682346
157.066341492 -80264.7354794 418.649255163
262.9716938 -80241.242707 569.865998098
156.308006058 -80094.8281265 291.23709227
139.633733216 -80057.5373155 123.410365591
173.089087202 -80228.8153023 187.474968879
-4.52077303045 -80243.0018309 412.506233483
-131.628075503 -80415.2332778 390.688755127
83.6150225985 -80380.9226536 420.228009015
