-120.322769757 32.693540877 -108.288606029
-213.645172739 -96.9040852483 -106.694191898
-141.505497077 -153.037430391 -550.564788684
-237.757763022 -77.2386778415 -985.709681634
-63.9458612807 162.291313586 -119.605940759
19.9263160415 139.764865394 -546.796927779
-147.029581497 185.777017878 -916.697756558
-55.9093626078 22.4793729015 162.568524311
90.5263112291 15.4837314032 407.254978602
178.241952381 -29.3014549538 455.545008958
286.965551332 -10.7228647664 619.321416856
101.945670084 158.663433839 319.71559234
123.447580943 297.43751234 143.650726693
270.04873234 167.115323208 206.283539956
-45.1848173113 -118.886054861 446.39417843
-133.635146388 -357.464285005 422.419862855
89.8436773443 -337.495787291 461.097647563
