-109.755640704 20.4396561782 -117.907824861
-191.814032683 -115.52935325 -109.085577797
-177.265104269 -157.155548438 -558.434441745
-217.789499811 -96.5259961328 -1010.03594106
-42.3822657066 156.408870974 -163.450642126
-11.2111434087 142.172799415 -554.017798008
-123.049688822 159.083933602 -938.074082585
-55.1596092054 19.423452182 168.814894432
65.6304136892 16.5997112324 437.750916792
182.911219859 -20.2633412612 486.917283145
318.413862427 -2.74418181699 667.292080465
73.3025071178 167.373195952 347.99837173
86.2759229067 319.688561674 165.116081187
233.744267555 198.053963352 229.454213068
-29.5642243193 -127.027858348 482.986251141
-108.526137676 -351.461319333 390.246300593
124.235122989 -323.112092011 401.342757476
