-45.4215798109 -14.146572556 -129.44956886
-103.08291236 -167.905272614 -118.391189576
-117.333059363 -151.894330561 -539.35179369
-343.526573813 -121.839550096 -947.893218453
15.9047134996 139.61224636 -119.46802677
257.449275992 146.964339913 -449.187081997
261.404204712 139.962214394 -886.712824549
-78.4447467746 -22.3981186253 151.758666306
-50.5759835506 -22.7283248159 438.52022822
37.427579396 -5.03273779852 546.151177612
-39.2895303075 -14.6661274317 765.93499357
-123.19041047 134.052206766 407.430150513
-140.137483201 304.67799707 207.029065456
-39.2447508689 289.30786023 195.297013291
24.1419862031 -179.273194392 413.254410562
218.389489685 -285.283885024 204.464650188
179.091033902 -158.826746778 206.148025174
