-65.3177484878 28.8424940818 -89.4095102369
-133.073401119 -108.614281449 -82.4479735873
-53.3605249514 -165.693812534 -489.470394789
-140.255654847 -82.8658611027 -939.456140691
17.1899096047 166.299439032 -83.3649177081
104.214477428 111.66101862 -469.735176439
-52.8917275845 150.23203848 -773.117488141
-52.829216016 26.627103039 188.109314389
27.1878875485 -10.9991461801 479.507095607
130.217704603 -56.6372406453 529.483976148
197.710354594 -42.7064514549 745.407773279
91.6805194006 144.638144341 407.808247897
48.485561942 313.044269972 207.627711272
181.329683522 221.11178725 74.2709771068
-105.580348332 -142.278523807 449.932951918
-196.068823422 -261.564528974 161.921438218
13.4320862099 -287.159789666 64.7693155472
