-70.8192691334 30.8908753448 -97.5233618619
-137.185512255 -110.103235954 -93.7725897443
-47.7100464197 -171.384431461 -491.586916239
-141.097730751 -89.9437601075 -955.080299413
12.991458468 171.885215222 -93.0770136306
116.104302961 106.555002562 -428.061359544
8.62557952853 128.786175444 -785.829560946
-63.4387311344 28.3778728418 181.644134086
14.6351065958 -9.71707600393 473.538173533
121.184564706 -52.484549687 525.873740812
192.880651417 -39.1678452433 741.167764464
78.8356429972 150.003569954 401.883246737
38.6475601617 322.685777333 204.36224868
179.675880911 224.268794948 136.145954699
-118.207941726 -144.701726013 443.27173346
-209.146729459 -264.739698001 152.047088111
10.9517775787 -285.474640619 55.7779953091
