-53.6219226664 36.5613190673 -102.874357734
-144.124205153 -87.9049023673 -95.6130120237
-62.1373051019 -176.582585671 -498.131096375
-145.30792364 -73.3720445218 -954.428102351
69.0926501355 161.027751307 -89.2049866056
169.134896519 59.6517079615 -428.577211935
21.303250921 115.309425506 -783.098454374
-63.1130068276 44.4334294189 175.185363428
0.146850072406 4.84892423505 473.719682709
78.4546303525 -54.9983895147 535.439198932
121.411599126 -30.2957478532 742.804203376
84.3597565743 148.562209056 401.11310017
107.328228681 281.796993447 203.048564977
179.959263168 143.721463962 138.521099911
-181.617512023 -114.112951585 442.104031385
-221.232184871 -224.264042108 150.108186344
1.68263561231 -247.911705177 59.3005812124
