-48.8488278737 39.042055131 -103.869944659
-143.016859929 -78.1894179709 -94.6860098488
-61.0825272395 -176.00877462 -489.719732568
-138.223858519 -71.6092238723 -932.467850737
72.9253074134 156.273668488 -93.8249631455
179.211800742 30.9989825434 -420.958179945
81.3144338663 83.383848133 -769.309330989
-67.6930906833 52.3917788778 177.118425209
-5.57854323212 13.5144251536 502.230075008
56.2572463952 -54.4097839806 553.321272346
66.3249759991 -23.50445633 767.100233495
82.1417808228 148.952433412 430.283750551
104.19559215 265.756082138 183.889355937
172.623361706 126.018775638 53.900818579
-184.640962915 -99.5660040216 428.280840197
-218.069385822 -199.937229169 135.969103493
-8.12511501338 -234.16116797 53.5982613866
