-49.16722161 36.5751733801 -103.808263216
-145.106479675 -80.4548555255 -89.5116212352
-62.500844621 -181.984135463 -479.756273749
-140.836530464 -70.1124078416 -912.412320992
68.7639246095 153.605300273 -90.4633002644
223.512500533 21.8716133243 -458.297365291
86.6545190016 84.809883918 -755.000737848
-68.5862944534 53.1824717627 175.476640946
-10.393357054 15.4724356475 498.786385849
52.6364494005 -52.5738991259 549.299619481
60.6794719599 -22.5622145465 760.040927096
76.2583271147 150.794642522 427.798829855
97.7320414166 269.467572815 184.184322583
164.852412456 131.467445046 49.2108103273
-186.852299215 -97.3729590321 425.896075313
-219.897375469 -201.78758944 138.222532816
-12.8663105611 -233.140165785 57.7848738886
