-41.5007300436 40.6839239893 -101.234907222
-118.786168491 -65.3272814895 -84.8730910604
-82.7847867027 -179.033489476 -465.18084288
-155.95702463 -67.3171775378 -892.495798279
67.8042582883 146.695178168 -84.2843156347
204.970202674 4.74664782815 -447.117970522
130.559817784 66.2645404253 -794.144163213
-63.4472495217 62.2807036543 173.662520754
-25.1877406399 25.8563234614 492.329567887
40.2775931839 -49.2588462976 544.751329748
42.0989571425 -16.3492953746 748.657819361
106.571694979 148.639537456 422.526201081
151.083991954 248.83775276 185.253547252
208.083620503 95.7576483617 55.0139083596
-203.827294552 -74.3938615616 420.73554451
-285.276742235 -175.727538964 140.275692903
-39.3527860432 -233.427974088 61.2729420871
