-34.6661475845 69.8386421946 -117.591780436
-181.586536297 18.9009827244 -108.262866953
-176.065680018 -176.764009591 -467.084710114
-234.35847667 -46.2188301237 -847.819480958
110.853788683 120.776335085 -108.376430337
187.199496463 -100.833842001 -471.24746354
221.102519576 -30.4183878193 -859.439884045
-37.9303993128 98.2596364482 170.045014024
-25.296428319 52.4773872835 473.295860013
31.3837465856 -47.0576637266 557.606972873
74.111037277 0.313503014081 765.990666391
160.718285824 124.527130172 441.335334547
271.618456357 156.415216714 213.705897784
320.189237147 -0.0700825045663 92.7759349601
-220.850826485 5.22424252147 442.33720139
-317.269903844 -65.8400364451 168.368068438
-190.364969679 -185.889946651 25.1825757724
