-48.6739317555 13.4927354526 -143.052236288
-133.364781225 -113.997879236 -141.408045368
-107.156828779 -159.556942271 -542.594074028
-308.046292338 -33.5570521221 -935.034001946
54.9456740018 140.98320268 -142.640165231
259.171090118 49.7189616788 -460.462361955
248.515750229 64.5262382765 -879.650362092
-84.5466953138 27.9029962844 137.247662345
-41.3662246904 40.3540885796 450.470522953
26.9598430871 -16.4263214869 517.912992409
34.6694316318 16.5072091937 715.940466333
-9.83146579436 180.010625624 360.992140716
65.812184002 303.698765445 153.473610847
84.8050411363 185.158014934 -22.6160704008
-187.225725607 -101.3547144 380.485368394
-41.1151865719 -340.907899552 340.890386911
80.1873339501 -291.207147229 521.325754098
