-27.7228279924 58.9293155194 -109.714192874
-161.852633159 26.0016412607 -97.2327346918
-207.539158229 -152.349369065 -462.041655143
-274.150565641 -17.18091833 -836.159956675
93.4018320363 91.8570130492 -100.137076557
153.92904628 -94.7442850979 -509.822019954
188.813751869 -4.22467157184 -895.840522569
-18.7533525855 88.0987948801 176.58959727
0.690220024029 45.4318414464 487.288187057
48.0469425379 -54.1496448697 562.74014551
101.033151173 -5.76038313482 779.717966845
187.48397506 100.712410423 415.837074304
298.623414769 113.778931041 229.420219726
347.674298744 -35.7913590886 110.737564974
-195.739857973 15.8297859566 458.38077012
-302.812313904 -25.2629644801 185.76640878
-229.555161051 -151.028993929 -12.8222850019
