-20.8076575474 50.5107717194 -106.453089239
-163.865848226 43.565965788 -88.062324041
-221.70195373 -161.827641578 -446.343049866
-322.159919756 -52.4758001003 -820.856176393
98.1661847887 57.4555688527 -95.7334275381
143.929356473 -127.698054542 -498.531766783
129.365283829 -34.5280511537 -878.03641661
4.20606893564 89.6143245194 172.931063908
53.2130491731 56.2371609673 486.310659771
67.3466132985 -46.8578223066 553.794002485
152.430730035 2.52976877231 738.069480019
207.85687658 83.7199766551 411.193683998
347.71496713 75.9642115589 183.46943861
349.802684296 -70.5092097576 58.5824318232
-182.39514891 55.1150530765 467.718298994
-301.407501908 51.6854922599 241.058355285
-290.948759792 -72.5017147231 -2.08309987782
