-51.577376115 12.8350555629 -150.219264201
-135.346344742 -119.940605384 -149.934786191
-109.33796978 -163.371103771 -559.184935627
-316.003479508 -38.4590324707 -959.682368694
51.658646117 145.610704848 -150.800909869
261.786981322 53.1045610442 -475.038657761
250.837806772 63.0843023063 -902.257175889
-87.6541025545 27.9052298984 135.472222655
-44.4065653833 36.2213024926 453.690923642
29.9536693117 -11.3821323518 523.393400858
42.2605235727 19.1021772698 724.063790023
-15.2127642101 182.604133723 371.765504152
69.6142866098 308.102677626 153.671916946
98.2176993901 180.627740461 141.106064595
-190.363812093 -110.182960618 381.25894458
-44.4516973098 -340.228451208 324.909111676
80.7466893073 -281.272667581 446.963417903
