-32.7871250012 -12.7390487633 -123.796749312
-182.439424926 44.4534707531 -89.8147214151
-265.949222985 -151.991700867 -438.374949514
-315.194764636 -106.87747424 -781.204870843
66.5283766358 -69.9316066715 -106.103877872
35.1072874919 -220.815171747 -508.24387301
25.6895111196 -158.39858101 -885.472548308
39.5027768391 77.8230459357 152.573934495
109.727804315 94.5921695377 484.622350565
101.521374318 4.22603138742 575.500019576
252.54202658 63.2661110778 744.897138293
293.225346651 50.6526002813 362.728501573
342.071841854 4.99250970095 109.624322363
382.572390114 -138.063543076 -84.0516512115
-87.5628624615 155.96595808 515.92651917
-265.230707467 221.855314347 314.220178371
-391.087602327 121.120253133 124.276028991
