-36.315041756 -15.0021795008 -119.658907751
-187.354552133 48.992668993 -81.5049831475
-264.38781572 -140.311539038 -418.58205996
-312.717240671 -111.893678688 -795.030747466
53.9666540868 -78.9971075245 -97.6280906333
18.3924369752 -228.891317728 -482.597618713
9.35310196368 -166.920904309 -850.595396419
44.7081203123 76.4282763747 149.684596939
138.255583514 96.585185171 474.843255773
107.522857569 8.36037304886 567.222212102
276.97114101 65.4639710837 727.471367424
278.958547187 43.8486834257 356.64766474
364.280682724 -19.2553681837 113.423540088
358.309076391 -158.748870075 -65.3859070578
-89.8879798721 164.48697141 504.083048137
-262.798997239 243.848806931 307.161855921
-381.340638263 147.451628142 73.4792080637
