-35.5220490787 -8.34938039054 -100.640832358
-190.491286567 35.4388933106 -39.4706127945
-259.348611273 -151.401247877 -419.018989889
-312.689415472 -110.0044622 -791.275478658
52.8232169776 -52.1377055116 -88.7647789906
65.7851946727 -200.025013798 -482.982933115
11.7141248554 -136.04277241 -847.378501669
30.4665409058 73.7084406835 161.378914711
126.024534698 82.3370887309 472.257091461
98.2314439386 -9.59462480429 551.956785576
226.739067609 42.4382057207 719.113030933
267.254416 55.6895154565 350.09351279
358.357006661 34.7751805981 107.109466946
404.877287646 -111.192785596 -80.6638048036
-101.392797161 131.360903167 497.170169416
-265.771055643 202.88548057 299.394061831
-383.881683037 105.735923441 64.1452693173
