-35.1219912371 -12.5342325119 -109.017023595
-182.120813769 43.6238286978 -48.3133887748
-258.896749119 -151.849213 -415.747292825
-306.485747966 -118.260174161 -781.545094571
55.6559307666 -68.6923509452 -100.468758882
23.1160024844 -225.245573832 -478.262108884
11.731759812 -160.635342761 -835.352493054
36.1385315733 75.3015299646 156.7750373
129.28992995 90.2170518429 496.796455469
93.522481967 1.11522978138 562.882787375
221.191955937 57.3818099559 741.804090628
267.935592565 49.7128230912 341.578096175
356.914889388 19.3253548154 104.724004649
399.03266618 -126.009456637 -86.739987472
-92.6093219691 150.151809762 483.24402059
-256.26665574 227.515691043 284.283079071
-368.489438556 131.526170662 54.532397065
