-53.8346626777 8.3769558113 -186.084511771
-140.113030425 -128.049015459 -177.152698016
-124.321596735 -149.846601226 -587.528713134
-341.192295672 -40.868048507 -983.206540747
30.3412728423 144.802913495 -233.453123448
234.76603322 87.4917611945 -565.32673221
147.264176498 108.515207255 -926.665172955
-83.7945925867 17.3542450132 106.623851289
-60.5530476423 6.12479732359 430.154352056
25.1462829925 -23.3429443631 502.107469407
25.1353708483 -6.90837944538 691.929001183
-39.8471460502 160.184635415 357.056356111
62.9644501742 331.023887524 305.729865908
158.131916309 204.897912254 424.567738367
-142.52076476 -138.618815867 346.279024305
26.6123776223 -350.918221481 245.449448074
163.332283843 -260.396628507 506.423347868
