-67.8364634645 39.4890725643 -88.2853412916
-140.302113975 -85.4054257575 -84.0826489214
-100.986146856 -178.028831665 -400.513243466
-127.221433088 -88.228243746 -821.756389178
23.365534675 164.383646411 -84.6441072615
172.166446901 40.0920479804 -434.937179549
202.353991714 40.7042551843 -780.787266532
-75.5929133498 49.3905618307 192.108136637
2.89729046228 9.00857676655 526.185227621
85.0612378577 -50.4352822027 554.683821437
116.305706014 -26.8354165965 777.464319374
81.9324802815 154.228443189 417.43574005
92.4699739702 285.161534 166.211770733
110.301457417 187.404489298 -86.7316827821
-164.802371263 -116.890585689 457.961385256
-200.562698005 -211.213157592 171.262857634
-67.9181182166 -233.45433436 -81.306671914
