-60.1893081206 15.6764073961 -90.7673134437
-80.5308966244 -136.558957325 -102.544250494
21.1353446592 -159.758211853 -442.800697699
-5.25053263676 -109.958548347 -884.143927895
-11.4015148087 167.911924857 -101.992914412
-31.2724299075 143.540851792 -430.410976591
-148.876648561 121.344096419 -770.028994426
-56.6356504785 15.4542279587 200.005709255
17.3785307911 -2.27506509409 539.904173805
131.39783819 -25.0396741343 576.930978694
137.108814616 -14.7569924553 805.287194902
63.5010074855 160.510794226 467.993015239
64.007637324 290.779118581 176.307867837
95.7100949807 245.925933678 -49.8538698494
-49.7688001102 -156.474888709 467.34706637
-82.8337035247 -271.187702533 164.677908526
11.0930963066 -282.541985389 -108.827624533
