-65.8412329454 9.5913222072 -89.0113798514
-65.1354638836 -146.815119432 -99.2532835549
32.1703629381 -150.48440773 -486.122766252
7.23633896184 -105.212768036 -882.27244317
-52.5080401881 165.99790867 -97.615951168
-22.3816715743 155.228145778 -427.323301475
-134.211810304 116.807272421 -763.705038923
-56.7592119958 6.28354617265 202.986036436
30.1436658024 -4.66463986207 542.134062402
144.393393871 -15.7641760972 575.485000895
152.329850605 -11.5150133844 806.707114463
66.9348527996 161.119117593 471.542983875
14.7103414069 298.499286129 181.06586065
45.1556318358 275.145799638 -47.082611856
-30.5538319365 -165.170183145 469.466291228
-64.4051338561 -291.306151058 167.44809944
20.5149073779 -296.379613611 -105.365351927
