-74.9037093142 41.1041112995 -146.072118885
-167.718574564 -84.8238383364 -145.266577267
-153.594855523 -143.295997492 -553.930179444
-348.325431706 -0.035945483025 -962.522390668
25.9211208198 167.032134589 -142.04265696
231.655780238 58.6255666929 -464.089114222
217.035129287 91.8737548702 -892.277626912
-95.2875226519 43.7399482293 134.522588317
-69.7587265508 5.58759005062 399.744092823
17.5472667285 -43.4118331263 506.592563321
17.0827731759 -21.8818065027 714.105407351
21.4645467814 153.4247207 382.660734938
160.203203526 281.412688866 323.995990794
240.993901889 124.995637239 358.603716845
-218.620240587 -125.8874464 364.237499877
-82.5782816936 -317.551844773 161.736816975
126.239654991 -284.561102587 260.909763221
