-70.3172839099 8.39533653877 -71.4706333836
-62.5889799708 -145.589398732 -66.6153835921
35.4655463713 -150.108025657 -450.402044608
14.8961179685 -114.195900455 -893.299631083
-55.7047894007 162.380194945 -65.7035723408
-25.1591545137 151.563368098 -392.272072599
-125.401495895 112.784710136 -775.831451978
-60.5994541067 6.61582613006 204.960750485
32.6266973686 -0.120388006057 519.068791402
137.308868855 -11.5875944031 554.024822726
153.718195519 -6.36458253273 778.100452429
29.3323014341 161.293062335 448.151470187
11.733904897 291.7237521 157.130964232
50.3355626992 261.204382789 -68.9396028297
-27.5201992131 -157.983874979 453.651366934
-58.5989602695 -285.018196182 156.630199813
26.865253001 -284.593673565 -69.2831878602
