-61.5421775765 28.8511837058 -133.465346892
-149.238085927 -104.813515643 -128.193756011
-133.962313859 -152.119902016 -544.724769116
-333.883280632 -17.7416679078 -960.143629213
42.196038903 162.515983679 -125.679693493
255.215211572 57.3858655738 -453.952503433
243.512952687 78.8725634657 -889.137749608
-87.3683342183 33.7983604751 150.62570355
-52.3085177648 2.66531312561 426.658716405
34.9964333428 -41.1484667377 530.40682612
29.4620222663 -20.4259642659 748.230263339
34.831296846 158.000590801 406.55500834
87.5933949388 307.672282168 265.782963796
180.475345633 186.807861494 280.353870305
-201.483709211 -136.496575664 391.407116962
-71.4888335531 -306.639281471 177.812821073
69.0784781672 -276.216311555 190.299112115
