-73.3477440233 -0.440883534725 -79.9605199753
-61.0724842008 -154.160475351 -71.6996299511
29.8005419004 -148.54608825 -469.174984505
-52.3169494492 -119.353430473 -863.596575656
-67.2702811738 153.278741604 -70.9939173825
-34.2090981668 159.21454124 -458.022473298
-137.200618394 115.032771002 -799.329268408
-66.6780179844 -2.23760016638 197.585340484
18.8714210814 -1.0430979131 516.21513165
126.712673279 0.262141887176 552.494219013
141.873683629 -0.368684961659 779.174372202
7.76763747757 157.622902375 445.200311141
-47.0210232196 294.131345748 152.23709558
98.8010462207 280.437027949 -0.986595621154
-28.1337775129 -160.559715153 443.776834154
-38.1103100798 -298.220552813 142.617630643
168.220211898 -274.217933356 -8.20971075395
