-98.4055459401 -2.36008904542 -80.8367373584
-113.72703379 -159.107895095 -71.6284535471
27.5071942346 -160.184469044 -465.450797482
-54.9237132363 -124.69012436 -860.747609235
-76.2920739839 154.387775336 -71.423443429
-27.2135064165 159.337128059 -455.162500518
-137.299408493 113.44172815 -796.613083833
-79.4023615396 -2.99617996993 198.159378787
18.5086951322 -0.849166141271 514.178907493
130.695029047 -1.00057365941 548.264415554
148.223391228 -0.631090425814 776.125183961
7.35904790355 161.115386906 443.276921654
-45.1395346101 301.126410677 151.018810242
97.8419562876 276.71628966 -1.8093190951
-28.123370856 -163.258284087 441.980931121
12.0116871835 -294.340942824 141.960822214
171.266669449 -253.765094792 -6.72090169609
