-110.588254186 -3.04265122489 -80.2552118363
-130.3436979 -158.330430965 -72.519011592
10.4929803172 -161.195844668 -475.059707528
-74.7129593881 -132.489742504 -877.500026985
-92.7220028024 152.245220714 -72.5628263169
-45.2469473738 158.623531209 -464.280189747
-157.74739301 113.141228385 -811.779249628
-82.9975797109 -2.13206443165 196.496919851
14.7999233843 0.104823459739 517.991386524
131.926525969 2.58425883933 539.508330121
140.528286275 3.11729767461 740.764153061
-2.4336215334 160.617240396 446.708831187
-5.38675631796 301.21726009 157.347212429
101.743566435 266.198019712 61.3106351336
3.63258391469 -160.785617439 445.246240005
14.3554050713 -291.705797376 143.626132994
223.040632971 -244.317927726 3.54954276334
