-126.27550371 12.8356572506 -97.9000326496
-150.62269462 -143.457510333 -103.887640209
-55.2990403314 -162.989317702 -512.414814714
-88.9043970822 -115.490101148 -931.741458998
-98.4064562895 169.128979206 -95.5351844162
-61.8656308269 169.440278709 -447.59059765
-171.966141254 143.928638491 -805.823157159
-98.1563603224 6.82535314093 187.327811238
4.86734416401 -11.2945426518 516.23646653
117.799432927 -22.0881471933 542.272593048
134.569973272 -19.5718395934 746.872423716
3.40204890304 155.529998763 444.87164517
70.5737954991 304.500793717 199.910616002
234.33332042 226.452697099 123.240415927
-56.3983730868 -170.579084101 439.591162751
5.32305692048 -300.68826864 131.455859786
230.393194387 -249.139635252 47.0886273272
