-123.880665917 12.6526323118 -97.6169706884
-147.084977679 -142.109059563 -104.150361982
-51.077317228 -162.479391733 -511.859204032
-86.5769882887 -114.806279707 -930.274773136
-95.0761972484 167.414483284 -96.3209265368
-64.0171254222 169.492895749 -449.529077089
-230.93937704 145.820948535 -802.414194674
-93.0729911978 7.57620485369 186.552680538
9.08186132712 -9.90065903396 513.069308204
121.694650317 -21.7951635749 539.756225271
137.87187152 -18.3788566702 742.540448989
8.10257330698 154.934963487 441.778498349
82.9980950573 301.279888673 197.988513736
246.666253804 220.701725754 121.988815307
-52.4126381655 -167.494383201 437.026798312
9.10132181238 -299.392145399 138.135702039
233.362644312 -249.463919179 55.4745956031
