-119.322105668 14.086509883 -96.3020267748
-141.257285447 -138.757922142 -103.75626058
-49.3311859888 -160.841362826 -509.271697602
-80.8796884213 -119.853192938 -927.573012447
-88.927233661 166.931024963 -95.3224540645
-114.071656378 164.569076489 -451.159693296
-227.213742478 142.975594714 -853.65000248
-88.7951073144 8.36017797385 185.507053802
13.5657877035 -6.3487801111 507.720776171
122.942061202 -20.8657561894 534.521067949
141.220097781 -16.9776397242 734.469905954
13.3970956715 156.355456285 436.918399312
88.4013221323 302.185276503 202.825272164
250.342594774 216.464963068 122.034358234
-48.3998935842 -162.732732057 433.199492542
7.03117594381 -298.902319387 141.870616587
236.122612012 -251.965050716 117.095830886
