-134.465813085 32.5173741314 -92.9318872575
-152.6223696 -119.97165196 -97.4203243591
-54.1067224664 -161.227796322 -526.22060942
-75.9501705295 -127.412500042 -961.125708329
-128.694317496 185.006549755 -95.120174872
-175.850011946 184.156358695 -467.502685271
-246.062193378 175.875794425 -886.417887626
-79.5277144474 20.3324277598 192.315179148
32.1175480589 -2.29017624887 477.76693116
157.743031935 -28.9542776936 525.478079355
213.535886592 -20.4913904045 747.047004356
84.6005244355 159.958185258 403.062090741
174.424409695 295.210297852 211.95605082
341.353939837 189.646015049 139.540346801
-51.2973920092 -156.189443225 456.913469189
-66.6109834372 -322.441395059 217.50004235
105.16185228 -316.484637729 134.977779462
