-188.30299456 -1.94302418348 -92.206886883
-195.643098807 -155.348464791 -91.5298700788
-92.9676232978 -178.156387524 -488.358830514
-132.765630996 -145.004135392 -916.326249659
-194.864896399 151.462542496 -92.9276299453
-110.893664148 178.295411183 -435.252853898
-277.842117495 131.79512735 -789.321983393
-124.055461835 0.862132827714 182.004447449
-17.6185434683 8.54481214591 470.58910084
125.250577578 3.37670787904 501.954055632
165.093448839 9.1354646552 689.309942935
-21.9379340585 167.596625288 395.929509305
111.303318204 297.880416296 147.913910899
341.921257283 196.448547174 74.4231484629
-30.5277632058 -153.471525191 443.264049767
116.700506091 -303.575963989 208.548665209
340.042741591 -207.898286207 151.679632738
