-288.258800556 -44.4572456403 -118.634322123
-224.271194021 -179.846741571 -106.34463686
-8.31474881614 -145.965463406 -479.122021069
-135.340324461 -159.663359544 -877.921653091
-247.943271086 90.9322837541 -105.522816529
-82.9965662657 197.120301391 -405.758442852
-216.060006442 97.411408031 -742.325132686
-158.030105227 -22.8258483902 165.174775769
28.6780244409 2.65410025369 447.850111035
157.949289026 27.2360561789 469.466902502
210.350703198 19.8039215761 647.546533941
-38.7801265967 138.662149813 420.170658896
36.2236852285 285.224398564 193.798906529
258.051190149 194.573412569 200.875596504
-11.3022741791 -137.504168149 415.380225778
113.744740846 -234.178472955 132.960520022
317.960168248 -77.9045401404 56.0563244424
