-26.0255297336 62.1677506588 -123.922833697
-153.282802358 6.37371632568 -134.732465685
-126.267970511 -161.231071977 -525.778184843
-206.219021562 -28.8803806731 -930.047944129
87.3053731322 117.961773961 -81.1434497773
250.187286177 -87.6650304543 -448.624357463
242.205498526 -7.94736338239 -857.850119038
-45.3516380015 97.2148302862 147.674197918
-30.128456114 73.2589658051 436.766127274
2.88121346584 -22.6848568289 520.180925522
-24.5011317523 30.0346348091 697.027029646
137.982040515 136.803054305 410.4368696
253.167644493 129.110087124 145.480895476
175.754940105 -40.6191691891 128.661850152
-157.405099677 22.636896853 414.263154865
-315.106916122 -121.42989714 222.662506015
-133.691384826 -217.678115391 309.571307614
