-64.2226262311 33.9554223547 -110.690561667
-164.030216481 -86.0751542229 -90.1816494851
-136.758543758 -137.550212825 -558.326624343
-255.112277283 -24.0178746657 -973.111281963
29.5866420332 153.98595847 -89.3301914685
222.545846674 51.0842071078 -484.11195038
220.092761136 86.4358355448 -895.983113221
-83.1987196587 40.4279265013 156.932976355
-52.6648006073 19.701317929 427.129983994
32.2372283054 -40.0833761676 509.450094729
23.9197351704 -11.228867569 687.282451075
37.4628263271 156.021862787 404.003659158
131.113248027 268.217817442 209.455011529
143.613736191 133.693907468 127.002800973
-157.296379643 -106.262831983 405.061707957
-86.9640398289 -303.771685004 227.138400561
44.4914621051 -275.02094661 386.05216447
