-68.470752261 25.1230469942 -159.031435253
-159.159734914 -106.173216797 -164.577390284
-145.038079211 -139.227206031 -570.992656206
-258.046790984 -41.2984804475 -1031.59928045
14.7494060264 156.419462774 -162.663574547
210.664760473 74.3216020557 -484.161558743
197.088646091 100.714426058 -900.237495059
-94.9062902703 30.0797458541 119.401801181
-66.696236299 4.11555881903 407.799975689
19.3793674276 -34.6201982479 488.114453461
10.6871333595 -16.3569625856 664.246309729
4.510890271 155.626811155 390.714892322
68.3359380339 310.280849457 285.641741322
226.772086282 170.428472212 464.644297433
-159.915773136 -131.595292085 331.771134214
-70.6921542731 -327.739019233 203.722181506
126.739908366 -277.061948567 389.815023313
