52.860497778 101.062428971 -69.002785926
-75.2090693705 129.732299518 -48.4295365194
-163.097365605 -43.1422893284 -427.999470831
-230.420415378 36.2199511225 -821.58469351
163.68862911 72.3925819568 -37.037214548
356.491659664 -95.3920595226 -410.06057139
384.827056552 69.1084229229 -741.783933622
29.6793273534 86.0743192862 177.015053736
-50.302851992 8.8809871055 386.868257831
-83.1380807643 -90.7684518416 472.224619084
-127.552513431 -67.7984529783 680.436868923
133.398317604 -22.468033421 432.847944481
375.399118747 -111.31621562 234.816532456
155.621568225 -243.392094135 146.119285084
-222.804005251 74.7794211644 348.156073176
-282.795951141 133.471814066 70.9975940829
-417.244177732 -37.3702849129 -40.8910128248
