90.7745791333 86.6890772641 -90.5570621382
-15.2009385955 175.594308909 -92.6418671498
-199.094946128 33.1328956662 -427.988740968
-339.921533505 62.8029938581 -833.379215266
210.650976524 -2.21607527561 -102.637601311
353.672972609 -86.1713944297 -501.248185988
476.951994503 121.236487844 -749.363199007
62.9069167425 56.2189142942 175.803268418
-7.85946852451 -22.4035629408 418.917701069
-108.884659362 -100.552006584 484.114192106
-162.114572869 -90.1653280337 673.33916363
117.97904255 -113.001205705 455.1700096
297.881868584 -244.695530155 194.630661303
118.354064102 -365.826215436 94.1474824242
-164.651930468 105.934962937 395.0980908
-222.992260371 248.535992872 174.811330642
-463.655268431 122.010453734 77.8657826217
