49.0043512002 90.3057925239 -91.8512261803
-81.2105940755 144.234548747 -71.7742778085
-251.219596026 -75.7320389594 -448.084370132
-399.485029915 -30.9737318455 -846.978441385
163.751625365 36.3770372651 -73.7763158007
284.588289622 -127.07787942 -442.537496192
379.127846612 38.7062602626 -773.818139027
51.9475475962 97.4738946191 165.172053999
26.6400067161 38.0908796341 426.769454691
-29.7642535409 -57.6656241479 495.094831976
-46.368333119 -25.0375390232 682.190442184
206.569317702 -17.7154052719 411.365907716
323.291465742 -133.539280212 140.536043789
145.987947377 -262.440537014 117.495159288
-148.010579064 119.129384403 402.609396161
-269.362222309 164.308105882 138.566834008
-334.300144654 -11.512173585 114.527700627
