21.1356956782 100.791403285 -98.2481453705
-104.160928584 130.07210551 -82.5728872139
-270.695961894 -110.089372231 -451.658171069
-423.864256964 -38.3808571092 -854.635022809
135.405042738 71.5106876949 -85.6300602276
263.538980598 -127.481978498 -451.044059981
346.436977505 17.2415770133 -786.77581274
25.7681888996 113.52232156 158.750271603
11.1545973881 56.0636601 415.234821901
-17.878799374 -48.8279063644 487.574768271
-56.2900552842 -12.0600891196 667.926001678
185.260314952 30.8482887528 400.054980118
360.421599875 -65.0649353157 194.48770807
121.951588299 -185.877821687 122.519933156
-167.438914557 98.4322319402 390.918131354
-283.165415811 62.4655097612 187.349800337
-118.553568271 -95.8837732355 118.892521938
