-63.5468793428 31.9695145285 -149.443628337
-170.995015711 -71.0820231245 -154.306598048
-253.553832264 -113.340128173 -572.864138173
-460.166782684 65.1746063635 -919.831247176
47.8276172516 135.020998918 -156.532357839
239.547154812 20.6025867853 -562.343340427
308.438585166 60.2349664001 -937.72951954
-78.9568512139 51.3079137737 138.811547542
-51.8165435531 51.151968885 405.611164903
35.9303368772 -14.3581778399 528.898134486
19.943157914 26.7525932714 740.040484515
50.7236252167 172.770091392 377.266734567
230.568109066 233.82595744 166.239829866
248.625788719 80.2379589213 160.026012035
-159.819581608 -73.6783808519 445.27557938
-97.7622447655 -348.097145908 344.769409858
48.4399624911 -344.705605841 461.136396397
