-67.8471894055 29.7392331939 -141.174856869
-160.06738466 -87.4036366075 -149.052477339
-230.21258157 -124.3265291 -578.427779447
-439.135015368 34.2978660989 -986.469189462
38.4077304214 146.8821406 -151.040659657
241.162579247 47.6749321832 -490.927677073
239.157804669 78.5559062271 -919.25093788
-73.7637483761 37.9947246808 147.809840888
-36.4621351277 31.276043392 407.268572807
70.0020396721 -27.3284699473 521.49415228
105.082177332 6.10567556972 729.481812366
56.5893415676 167.684312759 378.911893049
161.061144298 270.298312211 165.916808837
175.867775483 129.99330439 145.730304723
-139.763236792 -101.524931406 447.229749511
-71.3689504067 -347.646263225 346.416221562
59.6807509434 -317.580886088 447.103892788
