-64.4098644224 21.121693758 -131.512878276
-146.194631152 -106.775921735 -138.32021739
-216.428317079 -133.425137058 -555.536166236
-425.725161156 7.05683199045 -951.772043839
34.7655564324 149.019230979 -138.701827215
236.971860976 76.3531405223 -468.930150152
227.437679753 103.659957427 -895.127313133
-72.8775929811 22.0297150034 151.048775416
-34.2055784543 8.2370945422 403.79894137
72.2316262462 -41.696428854 512.761578785
105.399508574 -20.551857337 717.042349523
39.7896792783 155.947272382 379.794792736
59.9926528102 314.196436035 228.319143095
155.925672753 204.702982294 72.1525037299
-127.723831098 -129.775149187 438.376850825
-49.7985709846 -343.772682446 266.914549689
139.793479386 -307.544015271 433.244478792
