-53.6652048685 9.20243672379 -132.975786427
-125.9629612 -128.914414596 -135.649753054
-202.231960736 -144.712198727 -556.421280403
-418.572860512 -29.2307357397 -955.166300869
40.1112116378 147.319171819 -135.835885592
250.435126596 101.167220249 -467.515012048
246.568757634 117.45591405 -897.560244638
-71.0422115985 7.44431368169 147.830015549
-36.4023390461 -0.178840913972 409.784404966
68.1779322704 -35.8978965172 510.713648167
112.11317084 -21.4439005126 726.001384344
-19.4561326425 153.943936232 387.424248561
-16.1316628744 332.562014893 239.98191129
73.6390732559 255.920785312 68.0479805788
-119.975898334 -147.834152745 389.279560153
41.7375160583 -349.539589343 274.730083886
174.12895936 -280.087616179 446.793852908
