-57.1769238148 57.5466669396 -135.609675294
-155.49325356 -42.8861649212 -138.806195903
-221.423862493 -108.12086298 -557.873520744
-406.901761985 73.4361372392 -958.884161688
61.215412678 157.979536025 -136.076635679
257.046200221 23.3943533673 -466.34351306
246.362097142 82.657263754 -888.43543042
-68.8243344028 60.3774682587 145.029607799
-42.9399962253 14.5751778998 408.85526877
29.6753094455 -55.1552147014 509.671214316
44.3520776952 -24.7762029935 725.650395361
62.3795538482 137.920422613 382.980329883
261.481116721 212.419688096 337.526818616
187.554480774 45.0589175424 277.098804583
-205.523661128 -92.5867518086 374.196894546
-143.945899431 -288.836225054 180.670280275
55.8374957877 -284.392546898 255.875509846
