84.3928313196 111.437232763 -66.0844255653
-65.0708253756 182.860176263 -65.0833202935
-177.398289424 48.3294303784 -391.391773062
-240.040901278 130.46711579 -783.06564911
214.740242041 40.0143810215 -63.8864459081
369.377950585 -60.0545252396 -456.575638439
549.379176758 161.460957586 -781.912458986
42.1577803114 59.7484438393 186.905944912
-64.1092979294 -41.3900677856 415.267925405
-129.880199687 -128.590885499 466.122640471
-212.777955544 -119.201532176 665.475711601
115.185146041 -112.481593085 407.883160354
297.455259549 -229.549422518 200.756066072
116.639913996 -351.899851414 103.690411185
-176.248907087 72.3207851709 388.65934424
-285.624498305 194.908105315 120.365092989
-441.507014026 42.4163287999 9.64339363323
