85.0155177949 113.211122087 -36.2267060996
-61.5714713675 182.217114532 -15.3590493427
-170.53078698 60.0976554902 -395.9569069
-234.394763373 147.028220009 -783.531415219
211.024076281 44.205188284 -13.0540217728
354.887413349 -46.7712614251 -401.372812749
538.367243354 154.823311421 -769.428472929
38.6549888748 55.6394882518 194.472164563
-63.9138009297 -49.760281123 397.393370365
-129.027545908 -133.139550663 439.212265593
-209.035984828 -128.073745818 630.681187256
110.925346904 -116.142889719 383.142020683
290.657420715 -221.706975119 178.924944911
114.636259327 -341.4401088 90.6806871805
-172.76962483 60.4830849171 364.545518401
-277.574705076 184.338786248 100.243459756
-430.706622543 36.27005957 -1.20565632898
