-48.8996867364 77.7779109449 -116.214664787
-167.155089299 14.2992554403 -107.690766095
-226.103875363 -119.690932484 -487.63459165
-385.024714394 50.8470392538 -880.506893713
70.3631961841 141.256564591 -108.684832119
233.818336843 -37.8200137957 -480.604200434
293.975940961 34.7385212196 -890.475628905
-53.7622582732 91.0915334809 156.582597335
-35.2720820241 50.656594619 461.920756174
25.2237483273 -39.0847905662 519.429088768
-24.1378487373 5.72075431762 718.901861692
136.74106353 131.877761382 385.119367647
313.068315242 130.024174099 177.497579778
242.579516702 -48.4536206467 169.832094356
-159.250815108 -22.0824537511 388.359940623
-243.039512985 -203.458763458 245.049020314
-50.5624315211 -274.10321987 189.388048678
