-54.2891680507 28.2248443728 -138.241251867
-144.202481619 -82.5208112015 -142.957038431
-207.280468295 -124.99393652 -559.046403627
-407.11538611 34.4407962313 -966.444415047
55.2224688047 138.970493189 -144.439936349
249.889036481 28.0925421998 -483.838710736
248.248194422 68.0727727423 -910.920254056
-71.1302877775 43.9515309001 145.456872362
-29.8786517805 39.7894291091 448.005611032
51.4537102286 -24.1614455022 523.40976106
42.0544446674 13.2401962797 716.429082947
65.6612556439 167.983635587 365.435820385
170.357468345 255.524446239 152.770588489
174.829871053 102.944958757 132.868803597
-133.999454883 -84.8143870103 430.741456152
-137.238529978 -321.251171369 318.581022539
53.4522332854 -309.3259199 434.725988182
