78.6363528399 102.827843484 -70.8751936382
-75.2106610177 175.461840038 -68.6127570018
-188.010785313 34.0877523432 -387.23307618
-250.18797745 108.814212909 -771.988760012
201.162042513 30.1939301528 -67.8388286592
350.966095297 -77.3466161799 -450.729240207
534.519439585 139.883716187 -762.345988294
42.9841290956 60.8692643778 179.248331996
-18.5930966694 -29.9135021175 412.242330885
-122.607061554 -116.412698092 459.624991769
-215.272679804 -106.994133988 651.71716286
107.928524467 -101.161845375 397.717638957
344.358554549 -216.847276018 203.583432234
118.056857447 -344.49415722 109.268487192
-180.551272589 83.4227630017 378.594114895
-283.614208737 208.138026058 115.828661672
-445.550832277 49.7064668318 17.0524569025
