-47.7919906803 5.91147788648 -142.549118282
-125.630370558 -122.909095419 -140.299102805
-196.887993748 -133.26450939 -546.566503292
-391.862623805 -19.2734498 -925.08183908
41.0644522749 134.732073515 -140.99933567
233.233170717 75.3365168112 -527.525615889
228.119353285 102.37146935 -935.646716022
-75.8759230629 15.2228068354 125.43026474
-45.1338712509 6.08144998554 419.995824146
37.3040114247 -20.4440124313 483.053873059
40.2982907923 -6.80907277935 666.045733668
-25.5406097877 153.186223981 349.053890115
10.7449936124 319.377253849 233.654136896
238.330174044 214.03228652 392.054360688
-125.435079742 -131.176101495 347.887563961
-42.8526504998 -331.340779314 224.740462088
161.55276472 -287.066827166 399.967525701
