-43.9813205531 93.7029461592 -104.506067393
-180.592403214 28.401289697 -94.6496668517
-182.639635986 -117.552438616 -493.05266641
-350.695903323 55.9290781754 -895.308608301
102.754103162 159.004635847 -93.5066596829
217.464933129 -25.9308976886 -418.810211957
201.509263204 65.4399231577 -833.662235718
-45.3023356929 91.4701895739 163.495817726
-5.20927450939 25.1501371508 424.033313014
26.5873104046 -64.2363730872 513.457672321
13.766675014 -22.5820749033 731.09448514
117.572134241 107.586206342 402.881058364
295.6911647 105.689519675 257.55552591
144.745731116 -65.5472422456 188.301344655
-181.571921538 -41.3845217796 388.440569512
-192.691134982 -175.748507212 112.300311873
-0.10373098895 -232.672796519 99.8942550984
