-34.0640490549 82.3906335286 -84.257227083
-123.688667001 21.1781636519 -81.7701301401
-179.929334159 -115.06830065 -468.100351456
-338.661887642 45.6875142184 -852.103107332
100.09342817 143.603129893 -25.9357704067
210.588023548 -37.8242764984 -392.081679727
262.717003224 32.8480481288 -793.787310734
-49.8253503233 90.9591092372 161.347976756
-67.7341154918 36.1286688971 404.280341659
-2.1618680703 -48.092506318 495.154280405
-10.0346319617 -5.78441485696 707.191680884
103.2057164 112.445408908 392.685404468
277.130039636 112.916300914 193.306824486
202.614166369 -68.3657298103 184.580210631
-236.961428528 -27.0180603072 374.203392466
-192.506270903 -154.362170448 36.7093124786
-6.83204162807 -239.869704174 96.4113670078
