-22.6684734563 69.5054549676 -108.311484188
-118.048578714 12.5812355424 -88.9132120751
-171.392843575 -161.190332632 -463.942371517
-327.47101431 -6.6662373532 -852.437758804
124.46941314 126.429637205 -80.2110721188
288.459964469 -89.2605117391 -448.650049885
282.415412516 -4.52675852099 -795.928434403
-44.7111237033 101.193287057 156.346055001
-62.8578435782 64.4997120699 422.986148082
-14.9442836063 -30.1958681535 522.518590444
-59.2787446076 16.896382908 734.413007707
115.358252885 133.222149027 409.238264357
301.827696413 136.969451181 204.939050441
217.173112611 -39.1900750957 123.002248028
-239.389994944 7.38930938037 393.314235423
-269.990282518 -126.991351149 113.818884213
-81.2745497551 -225.77812852 104.624722804
