-2.15449837795 83.419024482 -103.927130584
-106.038371119 52.042996022 -80.8035817024
-172.152695473 -149.753119652 -463.597847418
-322.596256698 -21.5336527822 -866.283693239
145.64755673 114.795017345 -78.9586904685
302.882804928 -113.857160668 -450.066495798
314.348853048 -10.8075206045 -803.941849971
-19.3250451701 111.540688251 156.023277827
-50.4961654359 68.8301406915 436.047439172
-24.5066135459 -33.1607547527 507.310475183
-52.0944628462 14.2230886622 699.09766286
135.59709212 105.03294832 424.118423716
324.826078316 67.151207021 213.170505881
158.753797149 -93.4356539453 140.270471011
-233.628826894 46.2571212471 353.166300834
-284.222889609 -59.0477464957 126.899659598
-160.826514201 -186.00440852 131.506549477
