40.4291065459 108.60936076 -82.5086257819
-77.3762616885 130.661385733 -58.4896006484
-229.528283757 -80.7663935996 -444.459449777
-306.44223051 4.3636380618 -842.830470932
178.016345412 86.5573173892 -54.690122354
313.773900554 -113.944613735 -438.384324529
406.135213993 48.5789007147 -772.185169238
26.4314792679 102.176041061 173.753907958
-29.3453056552 29.0919599968 394.135155969
-46.9705602632 -76.9228246931 490.413621747
-47.9958534611 -46.2979193437 705.363295564
159.427768923 6.86511319842 429.935412787
348.261029645 -94.8696447811 232.899796787
175.260625995 -222.212220487 156.389185316
-218.938302191 79.1873843348 357.512479179
-333.633874794 101.684381802 136.359190609
-337.614772472 -64.6250802781 -29.6569096837
