54.2642791956 112.082113408 -63.6742884755
-63.8283626804 141.83075687 -39.0646233486
-155.137046333 -50.2997947775 -402.325581581
-280.162644805 28.3676081629 -799.428599186
181.77854336 82.3334916359 -28.4325516024
308.23149049 -96.1431986197 -401.229061809
399.239758239 46.5846310406 -789.923162176
33.2889862742 93.33844202 178.50693065
-26.2673917234 11.3404219225 390.734556389
-64.5266905407 -87.2858187108 473.775568526
-99.7727532119 -58.880116937 681.774114299
148.278884206 -19.294257647 425.530384193
335.94535361 -112.018849929 175.605413239
163.742595685 -248.761000616 148.992483022
-199.239857411 75.112058861 354.197418297
-313.822657629 126.850148364 80.751735196
-398.985911805 -48.0184223841 -28.0092742267
