-45.0266544661 22.2367053079 -149.472432695
-133.726878562 -80.9923680062 -138.433584925
-292.600229861 -80.2285987377 -558.754973073
-514.973432156 111.121905432 -905.742921807
75.4476055286 125.465710979 -198.10808849
194.634620244 58.1579059342 -566.13647479
170.931252931 118.436695108 -997.763098785
-49.0494478179 32.6564674427 137.33151432
-6.11545144333 22.1897251036 410.628971608
72.0539798807 -33.2295537111 519.242810252
67.1953874429 1.44354713762 742.770955552
89.4905388003 148.07582523 385.295080392
205.996410428 227.693144903 192.145336591
208.916461606 79.0998549304 277.735260074
-116.955557893 -99.0386898895 401.191968465
-41.4155406344 -340.060882922 286.537705211
93.1748135792 -320.718479302 469.770376966
