-64.9609151473 63.0210904111 -117.358422459
-167.985305947 -43.5006354471 -118.727971954
-230.073844176 -99.0698966184 -534.0690793
-358.78709972 65.9380176931 -949.141594853
42.802941544 169.542842095 -115.13540583
222.979373339 47.3901319893 -459.881619522
224.563052903 93.9832164012 -952.549957493
-69.0875234708 54.8944190357 164.202887214
-51.1874585367 -6.04976123277 416.440555983
44.4170261326 -72.3449779824 523.154218722
28.4641722284 -46.2419884313 729.448133807
104.315024657 125.480777998 453.243192368
230.593119448 215.308689263 332.390149124
166.64309574 68.7301922596 262.563349019
-155.392243126 -117.397962315 379.817999488
-97.6686835585 -283.1640854 167.675541737
40.7338552463 -266.975696665 164.397811945
