-61.0397560617 79.9482668261 -62.644839158
-161.458055529 -4.30664547839 -29.8044990103
-223.232956381 -78.8302286916 -487.65144393
-402.4958203 87.1253464971 -875.266739667
51.316977445 164.203223346 -26.7162710497
225.488073588 15.8552946575 -410.920804616
289.860088905 76.7428678339 -820.135559583
-59.6306025285 66.2388744244 178.582843537
-40.2580695357 -0.829692336513 407.1989071
41.6049180105 -74.1721569747 485.182532459
27.0045981896 -45.9390837598 701.89486301
121.909313449 104.857002976 386.962048695
233.350685608 153.185532227 184.273314692
162.498528262 -8.78922711043 168.1165815
-154.015308224 -87.8430223977 373.487755811
-158.336389293 -219.551742575 102.482602598
28.3683338504 -250.619085343 90.3457005911
