-74.2565891032 24.3947967797 -143.788078143
-166.398468212 -111.968528301 -144.84230186
-147.640338896 -151.625092989 -561.752385752
-267.349428284 -39.1053562489 -975.759326293
16.7566160988 160.758065022 -144.128071526
222.373347619 80.3305293987 -477.927803421
211.047051468 99.8802520633 -904.961543311
-98.5421910324 26.8743578539 143.070864781
-69.6883316521 10.9771926666 448.742169322
29.4519686133 -38.2370409054 525.251431406
17.1822244063 -15.375714037 717.670857365
12.5901744642 164.12889546 425.830524039
53.9689816239 308.656038779 222.891933753
147.42065049 188.756452255 138.951768149
-158.753135077 -134.300718238 371.794829076
0.266124000034 -338.010800004 248.195534965
128.22453204 -279.341733593 429.594122142
