-2.03996447181 97.0800558184 -117.016494973
-135.323477292 80.7172908914 -95.2766509246
-201.174401502 -162.012968746 -456.611440181
-277.877416892 -54.9591491904 -835.933703451
157.185770708 113.442786878 -92.3905441288
318.335101571 -155.777085341 -439.515142144
393.518952113 -56.383839966 -777.022181835
-20.0068664896 127.602356818 138.123737272
-23.6641057411 88.0273704672 399.111598531
-32.658405744 -18.9420607641 479.714486357
-85.5495670292 27.2049120382 649.641701959
157.085455292 108.30065085 384.092276641
330.290605245 55.2521707171 122.625729112
167.79642406 -111.915076933 109.624273592
-203.961479411 83.0504981416 374.577656393
-383.198921069 -36.8738492172 187.035653892
-213.462940033 -187.242141434 273.640094641
