77.0394414156 101.112765804 -38.9383669137
-36.6843297766 167.791653208 -9.41518976019
-148.917420327 39.7541010439 -385.362370804
-268.267461049 104.346884847 -781.452114873
185.796004483 34.4339585963 -10.6907153421
321.203483171 -53.9922008015 -457.094581804
428.197922806 119.693663743 -783.378064628
46.2236361599 58.2515630865 192.836765407
-27.6973577851 -33.2731962108 400.21818503
-101.490633321 -117.830578825 451.576328142
-170.336756886 -107.936100864 644.084241221
140.296256694 -97.0526654811 391.566414261
317.781321376 -194.478436437 184.560371574
89.3472494749 -308.402677539 89.8776852292
-189.520744234 69.9687636813 375.079719355
-242.560044329 181.468025611 107.954023234
-398.638123627 30.9453918557 -3.38867196013
