51.3467099915 99.5779808809 -81.8822308008
-67.9294332093 132.118842026 -64.5463096234
-162.461963042 -42.2472958469 -454.841219857
-288.599785389 35.7542266633 -870.533029678
179.731357654 67.0371440007 -53.5976857106
325.645554108 -94.8337987723 -448.798748999
425.175925906 71.8473795671 -796.018488942
31.067900446 87.4286975095 174.5735865
-28.1885202602 16.6004020001 392.339487117
-70.9557208871 -82.3909586069 490.677655436
-107.139265177 -52.3640705492 708.84415487
162.45825144 -19.2394152001 430.84586937
348.444893588 -124.366478519 231.931414705
183.99970185 -254.940143049 151.027936229
-217.612396752 83.7141788594 355.501746447
-337.030433379 123.072431703 137.501950882
-416.493887342 -48.1932594523 51.5707619593
