-51.1773811018 14.6372662633 -151.906370626
-142.168849214 -113.233339827 -151.546992355
-130.603441218 -145.64331919 -567.651996142
-329.383245584 -22.6062708702 -963.887342559
37.6893829358 142.507911273 -152.85108577
240.731139275 46.3340392095 -544.520676633
234.542137011 74.1056838489 -910.797015894
-78.9579228343 30.1807895206 131.085212328
-47.9692775287 27.2849834469 450.177224012
38.9064045042 -16.166573924 515.782589074
31.13666328 12.5409072407 720.044847981
28.1495312319 172.226049855 371.285684061
75.6337536541 293.417184109 170.650951981
156.343054538 160.450735733 323.959847669
-141.178905102 -110.530806705 376.206545924
-74.6020138726 -319.486698739 254.945589718
61.680070645 -277.277337828 429.881896132
