-71.469970846 25.1017769539 -152.342817482
-163.051971106 -100.308623085 -153.234569108
-144.163188991 -138.925915965 -547.539936733
-339.210039482 -19.1444740072 -933.415187132
21.3230989831 150.512241069 -151.520010703
214.377556168 62.6191046092 -463.086892697
210.537605998 88.8241257024 -875.498145117
-95.899522176 29.537061333 114.871513597
-66.9989415559 8.19065611499 371.540624094
18.1245492429 -30.3444156578 474.172091707
9.81460651519 -11.2707442132 674.356181785
4.56382166231 152.851541235 353.129793012
55.1476041262 292.426003768 236.780422916
218.915809797 138.018103067 406.099843645
-160.15256824 -123.768350294 340.640472099
-63.1987750697 -313.79096117 161.995329444
202.095381283 -259.200782473 408.496863584
