-66.3210297562 63.1992000163 -124.195842841
-169.005936029 -41.0747746816 -119.405832458
-148.070340191 -148.243005284 -515.080539254
-319.660974813 10.9246932881 -924.070474219
47.3329594747 167.473200942 -109.576032373
254.31841235 3.2591688717 -436.638690855
240.326174132 46.9363140346 -863.412895661
-81.8093061776 71.5171153734 153.915445675
-56.0761610006 28.4819770654 422.711449481
20.4548460409 -43.9316767361 522.235809386
20.8410318942 -9.19393880669 737.306880898
57.2806314858 151.074076312 401.252887722
238.548381472 215.098415619 266.123213437
177.505836819 44.4070904501 182.091477253
-218.22431171 -81.2149730654 387.881016697
-160.507090131 -259.315587003 177.074317845
35.3913863059 -261.001047174 177.290118655
