-44.1823819704 60.3147929141 -111.700150749
-144.745648995 -36.957456442 -95.9303536777
-133.429053912 -140.966565082 -484.192935575
-297.511221014 21.5655242198 -882.114297249
71.3788841097 157.586986977 -92.7638628913
257.440842028 -6.39479169353 -470.867066156
245.755744986 51.9629577787 -889.660977838
-67.5084706339 72.2468396105 161.282666921
-51.1192108982 22.9750068865 435.48293488
3.87148563135 -51.7169983302 531.669228415
-33.9444681484 -15.541189989 744.208685455
64.2070296349 137.645369901 469.88650174
252.336249456 196.190852596 277.530658714
184.301128798 41.650365352 202.159144845
-218.656948905 -74.9369766386 343.81334759
-165.220686035 -220.024630501 112.465719421
-30.7926410566 -248.827863998 102.04064012
