51.7070685209 103.138803191 -68.3331680114
-103.796749325 130.031902416 -45.4233653143
-198.635675845 -66.475160019 -418.273866256
-259.495066777 8.14016256247 -803.790110153
189.035986581 76.2456902795 -33.1115427218
327.915619755 -111.076926812 -403.568398502
420.831991018 56.971727976 -733.144397987
32.4815526697 91.2753509492 178.424349047
-21.8570409989 16.4800074462 390.365932405
-64.3278479388 -85.5861888917 478.792242024
-94.1706784805 -59.9923360453 684.243761372
162.32287743 -13.3628527472 434.402209582
350.364979598 -114.301150055 235.110747997
189.817628195 -250.705814768 158.19184406
-196.34264337 79.6438379394 352.258177364
-311.651743087 153.939418609 72.9378177477
-454.339484702 -16.834804076 -121.133485303
