79.7418551842 105.354400853 -42.2951182634
-74.2818354282 173.034572694 -22.9868720547
-185.714695516 47.3225416089 -403.80399698
-246.349275226 125.00563144 -805.38692296
205.05808998 37.6742456981 -13.3841926417
352.245788898 -57.3965942125 -404.772428948
540.91053234 156.97994823 -729.014675562
41.9600075306 58.0783346556 189.964369124
-16.1522895974 -36.2362799238 392.657215429
-111.551475969 -119.543400714 446.914020874
-161.449144164 -111.071445965 640.748462151
109.687082905 -105.028106887 384.738439532
288.280708948 -225.912471989 183.284089783
106.429085451 -348.670046868 87.5220035087
-180.835995594 71.1722391223 367.224372478
-284.238246211 188.930644768 98.0949408668
-453.589806789 37.8819488208 -8.09034508657
