50.4353985635 107.635258473 -77.0301385675
-106.186375739 142.315528434 -56.0367256765
-201.958458746 -58.1621266093 -421.095667815
-258.647659349 24.7102656588 -800.607237784
181.313854993 72.9549970115 -51.1286543093
319.867130677 -118.93914009 -408.767077657
482.50092334 66.2777858712 -731.180267399
30.3778954516 95.0506688445 169.256372556
-24.1004295007 19.1828724599 424.891541752
-70.6615171597 -79.3051575652 474.621004753
-97.1410859621 -50.2519899237 671.747974478
155.999585343 -17.3639316605 415.856632222
335.337500905 -113.612362294 156.677954992
174.352339189 -264.616219919 129.67578249
-195.620715154 88.8017038728 338.924873567
-314.129660126 136.90455472 69.8193446786
-451.586949874 -52.8443898761 38.9284916598
