-56.9087760579 11.9353673323 -145.129475249
-142.784751616 -121.756430571 -151.862818806
-143.299106584 -147.19523309 -561.467067052
-344.595520461 -34.4219016217 -958.37473326
28.9699145538 145.626984747 -153.03409702
230.552438229 84.410516751 -478.520916633
220.249139602 105.030524233 -902.238984827
-78.7204293974 15.0517766046 139.75029553
-46.9097707429 25.0070325121 444.335390226
45.6608157479 -24.9501634527 515.890829507
32.0887354505 1.33850713993 710.61087459
31.8740584266 171.306682542 363.579272698
49.1329690762 314.58679511 213.121070905
58.9398018991 216.583795969 -32.7087649973
-141.503765853 -123.963436794 374.517487063
21.4551391684 -367.827561111 401.090809098
145.830718909 -294.899502922 530.751831039
