-63.7861893448 18.6129820792 -120.652248097
-145.351918555 -114.014943263 -111.157449292
-130.251583979 -155.535643699 -513.869626854
-325.294062404 -34.1233908784 -903.261811032
28.5381434864 151.240708497 -112.733736206
228.951928978 76.5660958814 -497.028254408
217.308969059 97.1559595343 -915.659355482
-77.1493870653 22.8598459653 154.657574531
-38.927103378 18.8409200334 416.865363816
67.2936114156 -31.5430324971 509.66243568
104.228144381 -8.79697482379 722.774563851
31.7110980714 166.61276337 383.074488594
41.2621201854 312.885103724 178.107081489
61.9821702686 196.847125025 5.2833347928
-137.328749631 -123.458640776 398.655936512
-62.3631448656 -334.987548317 284.879420365
125.533988428 -281.358902837 450.866999889
