-61.6301507734 14.593496336 -130.171335857
-146.305474747 -118.289739868 -120.752774124
-139.257380049 -147.227074386 -530.80518949
-336.50387358 -42.1002778851 -915.701061418
25.4016463173 147.4764899 -129.676693183
215.560534925 90.0525553504 -512.381816019
215.542054529 111.052200874 -927.976733152
-76.9022352272 14.6002537215 140.727924026
-49.8315389171 8.28371711071 393.407982934
55.3969627361 -34.8346247384 491.816921793
82.2465114818 -16.3351015022 694.935479926
14.8479362921 156.094995451 371.042542771
24.6906329641 311.705660369 239.101489018
-18.4424881723 193.426082594 79.6258823298
-131.974719747 -134.306552648 374.208617026
30.3647165854 -334.339867801 269.340199786
213.661442173 -238.711244486 518.622854003
