-86.3496601709 21.7606020088 -138.323567876
-164.443616687 -115.853942263 -135.13115387
-152.525439345 -152.289726525 -525.743255549
-352.301659479 -39.5772776653 -913.781626109
0.352087412324 159.375171772 -133.262432872
204.496169615 96.8852259933 -447.22015083
195.551876535 110.407805372 -918.377772554
-98.9955694294 18.729141314 131.661102783
-69.6561685986 -5.21262561793 385.735672474
42.2643567934 -33.5752044753 482.613360474
62.9261507875 -22.7469098801 685.902025558
-6.32486268144 150.075357314 366.906726844
31.5219043726 316.816110486 239.100534029
200.048153547 192.679390948 339.013137173
-149.39141635 -148.485111178 354.410398426
-4.19585457345 -329.35258559 172.696512992
203.942675538 -258.020403509 343.103974337
