-54.2768320396 9.23688763151 -145.175587305
-145.440656723 -121.124317215 -149.711200986
-140.539904171 -150.45078642 -559.796795618
-347.069279283 -38.3173261513 -946.58068863
33.5238264188 139.597855562 -152.688425182
222.460127759 82.8823753463 -538.555012401
207.616383002 106.506799629 -897.309883896
-71.7557370032 14.7354971018 137.027588029
-46.7271237981 27.2700520513 437.59378878
56.4043582811 -24.1549084088 503.35313605
86.978867911 1.66086645963 699.636472854
22.5959747959 170.705377256 350.248109092
33.9435252626 320.835518539 218.020545888
51.3198175096 222.103336916 -30.8613297247
-141.777647606 -118.132130795 370.517731519
24.2693863668 -367.838292694 403.540379389
138.846702598 -294.196295918 601.748216065
