85.0081766975 110.82018732 -41.7389618832
-22.1041926918 180.409396392 -11.7673563216
-183.712337954 41.6683087219 -378.042771128
-249.471473622 115.261433278 -766.038753731
199.092513456 41.2310377971 -11.7761112629
329.558154738 -62.8331143109 -447.756966265
437.642331023 121.761462333 -769.120083048
49.9374892483 63.1926681628 189.015477193
-15.2648791989 -34.269473514 391.333791816
-101.506840344 -120.146230476 440.421614189
-155.935875016 -113.52978369 630.743790331
108.542136197 -98.8630041539 382.906599416
336.624078467 -207.508265872 181.159964045
105.54953908 -328.333499482 97.2876866828
-175.453000528 71.5989422563 366.744122944
-277.850530054 182.722977857 106.471835245
-437.21646391 28.8320321213 -2.61560342785
