-67.3320677985 11.420438509 -134.641315856
-151.679192606 -124.030252673 -127.110048376
-145.388927076 -152.496360075 -546.15544778
-355.80402604 -46.5761722623 -934.521060104
14.7330295879 146.870889562 -136.930154127
218.058685548 99.999056365 -523.344771198
204.048123812 122.294110954 -884.218737085
-80.2368841838 12.2370512061 142.163594293
-51.9059294028 16.186640717 397.897308882
56.4746024095 -29.3450286983 499.240330238
84.2489934853 -8.9357341948 706.621048394
14.5922066241 164.434623256 365.33399976
24.9447745818 320.045212544 225.392965792
48.4094256999 218.84465663 -13.546933629
-143.782038691 -131.757662803 381.303289017
29.9535917512 -361.221343665 348.480366399
209.571282785 -278.634614934 542.067739279
