78.3516220674 103.074913146 -51.541993218
-66.9736851505 163.1847164 -24.9973522668
-168.381366717 15.6098108041 -386.967414943
-220.218313557 92.5461201056 -762.814110606
206.312410483 42.9651738643 -21.4189853388
335.782939809 -83.4879991791 -388.750727349
447.855453298 88.5683128137 -760.061235651
44.9111323335 68.7254805087 183.26171717
-55.7346332204 -18.1402511559 387.131289877
-101.365801171 -105.441873443 451.32585676
-136.369695908 -92.0151556261 667.158689329
117.90982017 -78.3164938783 421.91576797
346.12000367 -182.066285497 179.486492625
131.364305814 -318.428690913 84.1309349852
-167.090842161 81.0437556979 303.557264543
-276.571019726 188.918353411 89.4215283496
-494.005376813 28.6216940185 -16.4374672942
