-64.0777246537 10.8636235453 -168.964078817
-153.876214157 -121.626483477 -174.219311579
-154.210503859 -143.710812143 -596.384443876
-367.348157231 -41.0438151656 -986.564126632
14.2426058441 143.353793708 -182.832916578
206.742633495 89.6893538865 -572.101902176
190.957907231 112.341941134 -933.766608155
-82.929760878 15.096898495 111.379180821
-66.609652392 5.16181939246 408.186297084
39.1573767106 -21.636246411 477.364995241
68.1816036615 -6.96226494222 662.069939289
-2.79056732034 155.942046947 336.214050124
50.0118485522 326.661729738 289.944930167
142.104060832 191.733871639 474.215260748
-147.210144006 -137.264735041 335.427884094
15.8799998066 -355.196111018 288.824058915
203.924579613 -252.338071488 486.367242595
