72.0354838708 118.934610065 -59.1354150967
-71.1814407892 171.955196322 -66.8038904824
-181.984557372 7.62468337989 -378.217068596
-235.23300547 94.9119049049 -766.607151596
210.981826074 65.9140833484 -13.5146752171
347.757436344 -74.2556291347 -443.756032364
461.971259615 114.37709339 -770.041989674
38.7897374504 74.9090395203 182.715809199
-57.0742957942 -25.0729502247 399.801301653
-101.456289774 -120.453677564 454.023953422
-146.114277905 -107.560193578 643.672435391
122.428725619 -75.4167768308 392.92965893
357.91879711 -171.749033055 198.416498506
136.634553216 -300.686920782 105.810286716
-223.811478053 67.9866373232 372.143923603
-286.550605044 160.924005474 99.0225986548
-435.742937554 -4.06197613425 0.632595642913
