78.122019756 113.95241208 -43.8961950321
-69.6293956201 172.158997289 -23.1821083563
-177.117913195 32.2854473691 -407.796653087
-247.588519261 111.388346134 -812.072945611
216.041996693 55.7458624066 -13.4017054591
362.269833971 -56.8502000903 -414.211155377
484.794016411 145.843459203 -737.343770258
41.4339518479 65.8155731633 191.552666982
-60.5334233746 -34.8530898089 397.763654294
-106.513276725 -124.137989697 451.193353208
-153.685977775 -114.485242705 648.380746748
121.293842731 -93.4116790934 390.424295853
304.077084945 -199.927410157 186.728804758
122.947126381 -325.084851523 89.3924451888
-176.488739371 64.5376217517 371.295827778
-280.945450951 170.327370505 97.3785664669
-445.43448159 13.9325484503 -8.1990716269
