-80.7883615216 20.5004604456 -155.793728273
-168.315442062 -110.000690608 -160.899063517
-171.99950857 -143.093120677 -567.204792991
-375.539139078 -28.5600777256 -961.579088128
6.43789760409 151.001714076 -160.509557823
202.801464987 80.4920793352 -481.842904759
199.398646533 97.7604156106 -903.023985679
-95.141091426 22.1264409583 119.105480121
-71.5569110983 6.12248714869 373.7665895
37.8296727929 -26.5850568479 478.427540285
63.8597048715 -9.76425975911 681.869631604
3.91598375751 155.503390014 354.005546747
41.8036532778 308.322420681 237.829112482
209.407290349 166.920040203 406.145872598
-155.406467559 -133.792128893 352.751120609
4.3855796921 -337.557758003 228.160553427
210.807247382 -261.023165814 427.299870974
