60.256360052 106.875305668 -75.4298713154
-95.5143573762 151.161579513 -50.5786710687
-196.493532104 -42.7989716299 -424.233398375
-263.690725305 30.4383720105 -811.991212881
194.894369199 62.5890639875 -47.1509292706
332.341200704 -113.333484222 -411.662327408
439.467216447 66.3872058808 -740.116909427
37.677300982 90.0571433027 171.078677998
-17.2034911249 11.8403363878 384.48913089
-81.2350672451 -84.7270924045 469.06190769
-146.983217872 -60.5019854851 678.837374199
165.872360205 -33.1726481654 420.372763714
352.556575 -133.617703387 168.018085004
189.055565477 -282.897712868 140.311625498
-189.664788517 93.2705523893 348.42213663
-301.87980202 158.710099328 76.857819294
-462.757372718 -22.8568869746 46.9693310933
