-56.1231494637 37.5257875359 -136.430654332
-156.671300696 -71.7662409981 -130.621461179
-139.420969751 -139.369350801 -549.456905984
-329.893285142 10.1246680588 -949.478673908
50.4733825532 146.817779517 -130.721981496
258.654588426 11.6417429568 -464.758587528
246.90965874 50.3720219257 -890.813076822
-76.9779550665 51.7830654861 139.136292291
-39.016816347 39.6282314807 403.004412265
34.1188709978 -27.364597644 508.678378935
30.5023631636 11.1448647718 724.930944774
58.1443425984 165.049832798 376.913240175
164.012821329 244.018955304 167.79546442
93.1669259219 74.5135321809 154.370128191
-151.137761139 -79.0620887851 383.431030996
-143.22216047 -295.646649916 264.857882726
57.4982108622 -263.980411301 440.004831648
