-78.0014307075 22.7020319964 -149.094323933
-166.407648662 -113.43665484 -156.770333394
-148.101528021 -150.322416652 -555.34823521
-267.627132424 -41.837384314 -960.106282437
9.49260602112 158.840615694 -148.414136355
212.350687874 89.4518809166 -473.066098736
201.137935419 110.862945822 -891.067198848
-103.110536133 22.7921262765 132.634931706
-74.4039544737 8.83424275519 432.202229369
23.1830780807 -38.8590159289 508.678253514
10.8356514055 -18.0614485432 694.982144054
3.77429065494 160.704612143 410.085637231
35.1491646697 307.582273583 220.80595205
130.342677531 177.24502659 142.772161147
-159.027869537 -136.062886258 357.100820781
7.47755856006 -339.389239526 240.491538243
205.007561084 -263.415037492 493.304797677
