-73.0279192928 19.464148909 -132.044949246
-155.378360527 -114.498047638 -133.584300946
-156.069703589 -148.108389923 -530.815218048
-358.702632769 -36.7762341987 -931.26754158
20.4880226266 153.426209173 -133.952581204
218.83128344 94.5692377336 -453.768853844
208.147718526 112.292503094 -874.537162767
-85.515926603 15.987084381 142.728151571
-53.2590549566 3.04354107054 399.111765027
56.0087709203 -40.9796805053 498.11124852
82.9024113011 -22.3999895987 707.258173645
20.7013353919 153.244941099 376.935517589
23.4254302279 307.685606486 240.663155065
-17.3251258492 179.058460543 65.401990565
-143.879146661 -140.293833658 377.843659428
23.9090279435 -329.266988842 253.598792999
286.208794964 -229.708359899 437.585368445
