51.9107511112 106.170532466 -72.3883322172
-90.6227165627 136.35795597 -41.8519002997
-190.785136795 -83.2298259481 -394.309145546
-247.521374334 -14.2933155093 -787.315876541
199.647540364 75.9831075206 -37.3535641884
272.450861065 -132.128738281 -391.819482346
346.95194328 -1.97089343832 -780.023563363
35.7465649037 99.0108754456 175.019635985
-6.61027446041 27.0167465212 390.89165875
-54.7699624361 -75.3057895186 481.107991364
-76.4885518567 -44.3858906329 681.057717096
175.911957348 -2.10581201892 425.777737092
362.32987439 -95.0854817941 235.270295663
204.851850563 -227.077856538 151.95131588
-229.821329747 88.6146597198 352.82058968
-292.894857934 151.920823817 68.5469514825
-427.399785332 -13.5783955752 -102.560103999
