61.0276087165 104.805666591 -47.97611541
-88.7011069795 145.273737106 -25.3035741502
-186.249035436 -14.6738079891 -399.052360896
-244.375324252 66.9298850413 -783.730656744
195.240566878 64.3376293714 -20.5597729084
341.60539538 -81.8522742975 -389.333433912
431.88732071 77.4314780466 -773.246135983
32.0522689889 74.4176239908 189.52238109
-20.392736003 -14.0956656699 396.618627031
-94.3784118561 -110.65742411 458.292063849
-157.215705726 -96.7008803352 632.434786272
109.572541531 -53.3854171745 435.015769771
352.150934468 -134.487940631 255.780602706
206.343225689 -263.61727578 89.5329402458
-188.225115026 65.4541907091 359.422275914
-298.083909551 162.780790649 81.0175407546
-453.557051683 8.24006959582 -93.8273255631
