-52.0315155005 20.6216219217 -160.237081064
-152.202199283 -92.1654108409 -163.465806712
-125.724143718 -151.019153544 -569.881435137
-315.132772137 -14.9018359878 -969.743746565
50.7569411247 133.408613777 -157.348670688
257.659524021 13.3696168338 -487.135887526
246.385432923 44.5917397653 -902.745907713
-90.3847690482 46.8178142221 122.343463128
-58.1521341671 64.4982503005 437.238586866
-1.21160606428 1.27312902122 518.263842122
-48.9055530548 46.9320399465 706.559899962
37.9364274287 188.265273527 354.280846707
154.105701592 254.144716576 149.159373938
165.02508779 100.369214851 141.191938676
-211.257473194 -67.5762249587 366.871613802
-65.6695312241 -340.896198161 388.441278714
65.1746919724 -298.494671255 518.197435604
