-55.4545251626 10.5344894605 -160.967317342
-150.354374217 -116.008484861 -164.624549136
-129.166708337 -152.60199144 -583.163687351
-325.386985105 -36.3586393083 -983.762467076
38.5494269651 137.077414697 -166.557877705
240.767268717 48.6533089097 -499.957657515
239.264707582 68.9414493666 -917.545931283
-94.9374050793 27.6435267851 125.911572313
-64.7734316836 43.8238574604 430.521001243
2.7473016514 -7.41346407653 523.20707029
-45.4744926662 27.1707731091 699.918569635
21.3483388905 183.10276772 348.857674312
73.1013227855 296.833983879 203.059209048
153.976924488 168.095984647 130.378944325
-207.966140274 -101.505584701 413.474687202
13.4812244792 -357.472934852 381.122259636
142.632918463 -288.668196924 516.847932406
