-73.9816105408 17.0865471581 -172.015387888
-165.539242379 -118.282857298 -180.742664466
-155.012225567 -144.282475521 -580.816585316
-275.738197348 -46.8780672323 -978.518940661
0.908652390701 152.455989308 -180.17564138
200.654550985 91.6658341982 -557.216016856
196.067435982 116.663220998 -914.333163112
-102.078802376 20.1975451731 109.423213984
-78.1203374408 -0.573189609876 405.095799077
11.6863439481 -31.5171141219 486.966399006
-1.10054930622 -17.7448258897 665.108004261
-12.2096047114 153.605538748 388.153383602
40.8262121651 320.697045065 284.336595699
205.623657166 186.470490427 466.580562419
-165.138889082 -143.070093459 329.564383896
8.77492512293 -344.09412263 215.789556903
200.003612128 -256.496874644 470.753461187
