-64.1555715567 82.688464893 -118.393469351
-168.459001215 -3.54195380471 -115.326980565
-221.608987025 -117.628038245 -513.177348758
-336.346398892 59.3215352883 -907.154826443
55.4155938888 168.91891508 -112.714532002
239.295386621 -1.47944851663 -428.964884191
216.417117632 67.820835601 -845.04213172
-71.1065059312 81.5582888937 159.131356034
-48.7866077401 17.6207741234 418.69230635
21.8641880063 -65.80175888 521.067093225
18.098731493 -31.1159917474 727.799071317
114.030327827 125.940126059 451.681304184
240.779529746 172.422442544 251.507892428
240.576643404 -6.00122432915 188.632086821
-220.638217969 -72.2020930663 389.637316199
-166.447588923 -231.98714642 106.471321742
37.6734712 -279.125824862 167.643726241
