-83.2482268754 59.0392305381 -138.754506638
-189.2441393 -57.4036046399 -133.588990129
-166.1034236 -149.358374697 -537.614280611
-275.006461404 -9.48303247242 -952.824317126
26.3106834849 175.482151117 -130.575616627
228.607020666 37.5963389837 -450.263457338
214.327011797 70.826338046 -879.236125996
-101.489778056 64.8240024089 144.511836575
-83.3080132551 19.2627643526 413.921130795
5.68091178582 -43.3794377026 518.990543154
2.70366807211 -14.8726801635 730.030138831
25.7991091976 156.063095111 395.71947483
228.500314656 239.335398142 331.612052952
228.990167124 65.7006141818 281.533892532
-239.146400246 -104.727420813 377.096253461
-106.503290627 -298.011213792 167.062828363
104.073753525 -273.428608143 181.34353642
