15.753110612 61.3144547459 -106.285330927
-89.963086171 31.7563708707 -82.2426030577
-148.702612447 -172.249797042 -460.453417176
-216.920294843 -71.2359807067 -861.719510442
162.390779763 90.8725158901 -68.5680882382
316.41873322 -138.282980604 -441.922853981
323.447402958 -56.798290443 -850.065728665
-11.1629864164 104.301007846 162.028875505
-53.3404971067 72.5699982681 434.491578838
-46.0066584249 -30.3126101466 526.428961265
-109.744940732 16.3780058769 746.290260873
133.342704978 103.833862862 426.681334174
340.371341167 70.2722383313 292.238026145
249.224001609 -65.1184494222 212.389639243
-234.230764703 62.7572653813 348.749718843
-340.721366944 30.1015992239 124.053929104
-331.571400732 -112.754553741 -48.2252291268
