29.2561147052 80.9644982328 -78.1986361445
-82.6290020178 71.2344190922 -56.5822815454
-151.024890689 -126.77624328 -419.868601263
-211.199739054 -40.9749717901 -821.720489156
166.556935349 90.6945619898 -40.9257361284
313.736674775 -129.213314376 -410.116100305
387.627140989 -27.362403523 -808.668269606
3.87302662005 97.0037369612 175.520467068
-51.3634881212 40.3379787165 439.768001941
-62.8936866596 -63.2094118978 501.857979416
-111.511694059 -27.2514406569 691.332543268
133.408216919 50.3917470573 435.066080544
336.960039751 13.0623475354 301.49693842
246.876192038 -112.169260384 153.59463798
-227.814867123 61.2790126317 353.990355257
-340.598623374 90.9674722805 66.4401009659
-409.022895372 -68.9787285821 -118.779655014
