-91.9128375557 67.3207693928 -129.408148692
-198.484027637 -46.7273124573 -135.803304214
-264.259369162 -98.3326253778 -556.582590356
-401.63182302 68.1506395249 -962.545468421
8.20865061029 181.368916686 -133.40609803
204.3004259 78.2648314689 -467.978381577
179.549515591 132.37937718 -899.77075348
-78.8385339283 51.3830293797 152.513443064
-13.954414941 -9.70270108316 408.825064416
62.5814458321 -69.9559569511 500.653849883
71.6723647437 -48.9921679159 724.458990709
29.2433849694 129.134595763 383.507523194
282.820019092 225.061870256 340.013899076
219.70483878 64.0724008347 279.277725334
-117.629926077 -129.273825229 375.3682483
-102.614853321 -330.178378603 183.30537021
103.075214525 -301.751051182 255.934031993
