-56.1568674162 35.680463998 -129.412211139
-174.399068681 -76.1504800481 -124.255108818
-248.589953786 -107.147086557 -544.662118679
-384.096592567 50.9556269439 -944.253530713
83.6562387808 147.51139072 -122.898620192
211.98664429 59.8643952176 -532.901355178
193.025213468 115.472584746 -953.260034299
-74.5028569437 41.876700878 150.113894454
-73.2136977498 5.51524345598 411.917857949
21.7006029456 -49.3493339124 523.064256043
3.18609701202 -23.2798732933 735.297398563
23.4196717624 141.051934758 402.129486004
217.663153122 246.356249839 341.274420565
222.223716181 104.226176847 278.333319958
-169.899026334 -118.511713375 384.359436581
-24.567428133 -323.036788133 183.982962024
119.60503269 -289.544218411 271.694341388
