-31.7445101312 79.8251086391 -85.2102110041
-111.709991177 21.3789381833 -61.460883711
-229.365904491 -97.8586814726 -446.238204883
-396.155599023 91.587996338 -826.035082238
119.872652724 138.271252204 -60.126804763
216.939898609 -13.8515078894 -435.238429326
197.655828175 81.7831310661 -832.953199655
-39.0170367035 82.9616397304 167.031403966
-49.4336455549 22.9243757246 424.293934333
15.5885606847 -63.3253808924 502.475897019
9.09514282389 -25.2903020022 726.031439804
120.583286839 100.573587361 411.87413778
293.170258694 114.407230411 213.281051343
220.648812483 -65.5023170072 137.336369464
-218.450210547 -39.8030464604 344.506741384
-182.857189047 -178.071763567 62.4118025663
10.0066595118 -261.697517822 113.181014183
