73.4139747178 97.0057194758 -68.9128905725
-63.3538050872 156.097013329 -74.0091242502
-180.228263329 -29.9893695792 -389.999725244
-294.963927355 21.0282569578 -776.02226792
218.620924522 37.9144709707 -22.2000825669
289.476833051 -106.322756958 -449.874155023
377.252743433 52.4646425716 -777.649737776
54.4183121905 80.5916448384 184.312698203
10.5795148725 5.20300511542 412.708111641
-72.8511413293 -87.8038701667 492.419971906
-117.967993326 -63.2920204104 705.566859536
138.158923425 -56.0136395416 445.755922907
310.403671416 -165.574449388 191.554529443
143.662294063 -290.185110355 97.2763120338
-156.421595733 98.2754154167 376.979308742
-263.103590925 196.698922123 100.555098932
-412.115729049 42.2555026551 -79.0017483112
