87.0189566384 104.335526985 -64.9995344567
-45.5531488435 174.995731494 -69.9946030952
-168.748039069 3.4373056595 -399.773303476
-289.601888888 49.0397107908 -799.511330801
239.277745269 33.6754236947 -17.4480775043
311.718581132 -96.8335305834 -461.181856392
341.673195196 50.0426470503 -802.26870748
58.4777200135 74.5728415312 185.111834276
-33.1724075669 -11.7322427641 422.542307937
-95.3629089085 -101.603116439 470.68123219
-180.751609447 -86.5806530594 661.346142397
149.11123669 -80.0006874782 406.75408214
334.353376701 -186.819573297 204.47030323
153.735960341 -305.433327391 108.723282992
-148.663479819 96.0987466769 388.175597637
-250.897212796 209.152589452 114.372514317
-412.482308919 61.6810594296 12.1099100552
