47.9052931716 102.898197231 -90.5793123795
-102.346224313 120.390082279 -96.1026600189
-201.543838124 -116.80607014 -403.951148852
-260.571393966 -45.777357301 -791.296011174
193.623548614 85.4063146961 -40.0050864224
328.293602817 -137.803563748 -399.404190701
354.411845101 -11.9613121362 -784.565643563
31.8610599206 109.122186282 168.264264144
-13.9918354338 43.0380553533 401.100685379
-49.2897081594 -63.6670084903 493.080491061
-83.6465865561 -30.6186305599 696.747451728
171.226468449 21.9457233723 436.332936801
358.60937763 -74.5965765645 244.201708712
198.302559055 -210.995760792 161.195390243
-191.063666714 93.6172330162 362.277378742
-308.417412273 142.956740705 84.6242845626
-442.886444297 -30.0031749891 -94.9846808573
