-56.9986440793 23.48668 -141.572773261
-155.154938935 -102.401020362 -138.759529985
-144.93766057 -141.989857975 -570.12122406
-346.891276208 -9.40395204037 -978.905465029
41.0414524539 149.37431866 -138.403553234
247.416628226 51.866067684 -482.344286358
236.222700689 81.8552243331 -918.719561839
-79.6868633935 30.6707756493 141.177753822
-52.8050143254 19.2887702939 407.366578141
38.4791220931 -34.9622679594 516.323692251
35.764874957 -7.61792523182 728.616227024
35.9353138202 163.72026124 383.968923258
80.2229975406 307.377218706 237.360432091
171.327130415 188.543506453 156.331333749
-150.234121147 -115.495517953 386.501377751
-63.0736261391 -333.880761914 269.215655792
65.1655392787 -304.081091576 455.568122968
