-51.487951059 35.0168296758 -123.604286378
-138.182430221 -79.281333807 -113.815508936
-191.099667776 -130.601372676 -522.518877924
-384.259463605 30.7364106038 -922.320424239
64.1060990447 149.315015313 -112.469086772
260.141199549 30.2368706553 -499.682474856
261.626148037 68.9465768619 -923.650582429
-74.8195018934 48.2394819884 152.766377232
-91.6019712446 17.0026294 421.742203944
29.8078426403 -38.7560630616 521.582643943
39.8870849382 -12.2186347334 731.683503297
56.9878852113 153.485064102 401.611676327
177.617531727 257.27163072 275.395976737
198.091569987 103.743936285 284.35103384
-190.665584626 -105.427016975 387.552409859
-127.704025681 -285.852320508 181.909761865
65.055624707 -275.559530242 194.232061918
