72.4342358036 116.063888085 -50.4991411604
-70.0983901859 166.053644997 -28.2934826539
-176.235819882 -0.598329506038 -380.381039104
-228.075163521 80.3133857969 -762.474850917
206.164551406 66.0741743133 -24.19260677
334.807503642 -85.2814604122 -387.961463891
433.675305315 82.5403706013 -760.645506903
39.3889900125 76.914906527 188.76605267
-57.8147480368 -18.7979850499 385.510634066
-101.556557591 -114.519797752 458.96894114
-136.590052445 -99.6707825544 664.059380107
117.668058551 -68.5942360864 421.145873507
347.253590119 -163.825545022 233.28472042
133.431625555 -281.921867021 82.0359787587
-219.943970516 69.5706392826 348.42349402
-273.756365713 165.996072465 71.552739298
-410.486124291 7.79821476044 -96.2740082322
