-29.7363280137 61.1624219407 -102.82142951
-132.613764869 -14.122045135 -85.4146959915
-191.535877118 -124.201784535 -487.322493322
-355.622114513 49.5288438253 -885.901463687
102.823283974 136.446864439 -83.6236487349
271.330339699 -31.9869542065 -475.652037106
274.553681624 42.2775557904 -893.89714916
-45.3342408048 77.2056040545 166.595356775
-22.4629692359 30.3912294619 427.135260847
16.2747625294 -54.1053798381 525.785108293
-11.9232379065 -15.4436317476 742.270691462
98.7189095297 123.736439001 414.844971669
279.181863319 161.383742397 272.811048423
204.591585668 7.7424221093 198.960881938
-197.143632482 -44.4806121664 398.234475192
-224.293502741 -174.096807947 125.650978829
-95.6045649241 -245.477886383 100.703557856
