-13.9276217019 78.6167790081 -107.588948729
-118.121238117 29.2875422688 -87.8215869873
-177.956412257 -162.839072854 -466.836346767
-324.729399722 -31.5967802247 -873.162140216
133.398287587 127.945986926 -82.8058527495
304.715270679 -116.527865969 -389.034461107
379.409508795 -61.7138657992 -809.781276883
-40.7870484036 109.60566919 153.097512957
-65.6636822578 70.2341629014 432.925324682
-28.3691445171 -28.6768923236 508.103912178
-64.0949496477 17.8070908916 697.67796627
120.02534327 130.156562536 421.701909482
316.174645656 134.410846109 220.255192742
226.854613461 -28.5048751258 134.057140095
-249.056923597 25.8177934991 349.1084249
-297.738849884 -93.7830010614 121.983210659
-183.216213935 -213.061086896 114.629563956
