85.5858007159 109.586504955 -38.1770187784
-25.5549598569 177.296519706 -10.9292573109
-183.973312541 37.8433788902 -368.8616908
-238.625491255 110.410868276 -748.2161755
200.173585511 41.8765331559 -10.0557582056
326.230503474 -68.4120211151 -435.953609033
431.740207397 115.060778558 -750.732975094
49.4755172657 62.8491228042 192.036440379
-20.7639036025 -33.6567885013 386.333746968
-104.195787473 -120.95421276 442.77138424
-151.28948342 -114.16330955 621.305028288
101.860285587 -96.9738335423 427.411906859
333.552519065 -203.610344905 187.729261992
109.367191307 -324.378249827 94.1224607317
-177.839447097 70.2131856963 360.313376492
-273.403566594 189.039395236 90.2299532322
-431.474127987 40.6020292217 -76.6691336549
