-70.7004879929 21.371778595 -160.354399014
-162.757734963 -110.851123819 -166.838064762
-145.315026239 -151.24014813 -568.691951585
-264.702181587 -43.5745794135 -978.29707669
16.8797955722 153.594804663 -158.304377759
219.053717727 66.634368192 -485.949046044
207.664663709 86.2107564871 -907.17668296
-99.1080236366 30.6496552773 119.866673438
-73.9599584289 15.9717440247 426.45019186
20.0315665464 -23.0017474707 495.564630815
13.1254625833 -1.30010778057 690.814666664
6.63371959909 166.468333337 352.558238096
58.3034509449 308.344209522 231.996259607
223.811532434 166.282242062 408.227695914
-162.150627954 -124.102069908 350.826926196
-69.8669162247 -329.736015073 221.049200403
133.280102917 -280.569257556 404.872489594
