71.0276863016 119.537706545 -77.1639572329
-80.0495107641 173.150283474 -69.8733737576
-184.556807223 -4.39353482279 -386.336029029
-237.988214873 81.0732780314 -773.12712857
215.100490552 65.9251987563 -67.9024665712
353.319324956 -91.7083920142 -445.735062932
458.391888217 102.323116886 -775.54980796
40.9509893489 81.0009900126 177.120337006
-55.507525034 -15.7902921066 411.29768203
-99.9880481587 -114.032085553 468.847975506
-145.776603853 -97.5168032773 661.269489994
127.357263959 -68.2180604598 403.947331881
366.085285034 -171.848242611 207.057430661
140.521449214 -303.512191989 114.793987828
-225.667522738 78.0651034378 382.977104726
-290.336176495 166.791274574 106.165179461
-440.893340956 -3.04853047193 7.95513075785
