65.7416668849 109.777721634 -70.0120627001
-81.021610867 151.410593957 -53.7544631261
-176.225489021 -32.8551410563 -410.609281946
-228.676409552 43.7952226421 -795.214480291
204.11569299 68.1448747878 -41.4566834564
337.085915714 -108.465293743 -403.691291764
442.281064706 71.7103537644 -725.790567612
36.510761986 84.1047663867 177.27351768
-61.4159533827 -0.173689541789 422.622051863
-93.829973355 -98.2705825281 470.152853466
-138.877272605 -76.653585674 666.725849758
168.333630057 -42.8698603514 417.189440516
356.732917693 -138.417385317 219.429619304
202.586117566 -282.936970052 130.057747753
-229.121565378 81.8504300659 335.131997171
-292.55125971 169.600847307 62.4726711515
-503.245778213 -1.05200329201 -49.5495930246
