68.5596380514 93.0598457362 -33.7737143938
-55.1509456571 163.804940343 -12.5875770616
-155.347417374 60.175332123 -391.698313919
-208.313266344 147.841453939 -772.926739722
168.478796906 22.3147967742 -10.8211142309
305.584297338 -56.1385100956 -395.419394692
484.138815847 126.146574446 -760.459412834
28.4218720062 44.3426033841 191.379610504
-55.1223700622 -49.0691586258 387.398235024
-131.276640123 -129.76137843 433.308080433
-198.655807112 -125.854565831 618.221967096
68.1791790126 -110.002177504 381.469470738
369.315173039 -183.901042807 191.401139243
148.370376072 -310.088725803 81.6299184095
-204.854731457 59.634366052 361.943925024
-254.107193245 196.885981911 100.566314304
-412.51490695 58.7990781109 -10.4493885729
