99.5818034917 170.517499729 -169.978798986
-10.5775218923 223.958222457 -168.946577149
-117.51479878 -147.464280585 -437.882077582
-72.0273813323 10.28237476 -727.439417888
189.5468629 117.076926822 -165.123048307
86.4519286439 -266.063396549 -574.404955423
177.770187085 -69.1962910571 -889.521192397
70.1780827896 134.710807806 135.254199571
1.14967756402 35.4155924352 457.910654516
-62.9634836666 -62.366090082 504.422894054
-135.518235778 -19.9446382664 693.821321151
103.586954638 -15.2826499404 437.810008992
181.678261285 -135.864650854 250.556672517
-2.35189797336 -180.554031795 195.376890427
-92.6828788864 112.181184783 373.679179274
-130.875686333 114.158147361 180.359089612
-178.635471191 -44.1873430045 189.608042594
