116.319466834 158.801404552 -160.45132559
-6.55483018831 226.371135258 -158.117212967
-124.065233642 -103.859204869 -420.503713948
-11.8778688465 59.6793856842 -701.170698185
184.377182536 91.2318674316 -156.134903504
70.1495001055 -254.494148818 -554.55112619
166.351792959 -36.5435853169 -859.675367757
74.8574705983 112.619903637 136.597498456
-15.4281366033 7.42054340851 448.4578356
-86.2970795276 -83.8313017005 486.089670561
-193.511291606 -50.3067396996 677.314971775
84.2987623917 -49.9027141527 427.398783501
221.32733317 -145.970523782 192.521697732
-7.89479951327 -193.63448194 188.744979499
-49.406966421 102.107025342 367.89493036
-130.896585006 152.462922759 178.168774347
-186.868859389 -19.8526700531 188.38209153
