71.13684318 26.7486546335 -131.809649639
-13.8996290389 172.980014287 -150.452911661
-123.054008234 112.155935088 -473.049659691
-17.0197327295 127.233741278 -796.160644714
156.058568784 -119.482396272 -151.988906741
68.1484965817 -180.510095396 -611.614423097
178.689636484 -77.1564765204 -953.443305576
62.5520962696 25.0028078676 172.01942244
-25.0301822186 -3.98100510774 500.86023963
-137.653830992 -44.8783030776 545.759734647
-231.593521381 -30.7826839061 756.251611114
70.9101550803 -146.393263205 479.423341558
237.072202457 -292.771250298 217.675345868
-2.42653150785 -319.393599029 123.923704927
-38.5351665709 161.854832479 424.751967839
-49.0875700561 344.120829314 207.270418101
-210.232717647 246.545348164 196.761258738
