49.9981947562 21.5787297074 -128.298718549
-13.414399861 165.723168857 -143.829095175
-120.624604964 116.889298441 -472.255709253
-6.02161349819 139.016604281 -804.128643666
103.671500888 -122.56542094 -153.525151364
78.2752153917 -165.057219743 -621.371928961
192.540071041 -63.0881478881 -964.333822039
47.2805580925 20.3068215608 174.1362798
-19.5920521507 -7.86899674375 503.136800344
-140.777095308 -48.3540776658 549.774351664
-226.380173907 -34.9545572932 760.052139995
76.7062992533 -146.668303667 481.195140849
249.422386884 -286.522860662 218.212695673
10.9272511931 -322.699242363 122.379378512
-84.9137236227 155.579394207 427.298053441
-39.9255874507 341.024095996 217.617775016
-200.67056917 251.846955975 195.979067446
