37.5426843242 41.1640850215 -149.854543504
-68.9749151271 138.797009235 -170.320506
-154.722656042 32.8015362331 -535.107713556
-46.9960745722 141.290743418 -890.788618168
167.849990109 -56.468637935 -169.623711699
148.524892415 -161.203169399 -609.605109118
166.647663621 -44.2024273293 -1051.92915262
25.4639425876 48.5132295085 165.011493947
-36.3318336664 4.20135096742 471.906148142
-115.505580433 -82.3446737804 552.604911984
-263.246594605 -52.3760419182 749.296099859
151.435701502 -73.0349315781 455.181733179
385.132278533 -169.722718104 321.655984502
371.945283866 -284.446375557 229.507468054
-157.681911067 128.099537869 445.996372272
-287.344336485 253.255663258 310.663895102
-376.23748846 149.541990952 220.515399295
