19.5087770251 11.5248735497 -193.169355901
-122.553559446 -15.4082932749 -209.450991754
-46.2845032784 -265.21789762 -508.765294379
-88.3036801191 -142.906013746 -780.873074619
185.581515495 38.4580106931 -205.637972436
196.26928814 -204.396892041 -513.467994994
106.420277919 -145.395944222 -923.910723117
-8.0973086595 104.899616847 121.992032538
-22.8080262238 122.855567178 473.538484278
-44.3550546413 20.4828087603 592.233342527
-151.235566674 93.6739795653 756.205199016
171.636768874 154.208436203 516.976610797
387.812520763 132.693482258 329.732162666
389.814087993 -11.0447045966 256.732442777
-219.125957117 113.088552715 438.348784581
-395.183443284 74.8683552689 95.0767991542
-392.039723029 -84.4483307885 71.1598742401
