-9.5699087169 58.1923949724 -168.634074143
-162.821133504 31.057828638 -164.884136051
-161.034934779 -202.510091963 -488.215357677
-157.466613954 -65.683188209 -839.407012801
155.315292855 85.3269529697 -164.206583663
169.736454505 -140.907114152 -490.432159417
73.4908725439 -66.0026469279 -927.097457639
-22.4358207975 115.247726416 130.782553362
-46.3671396432 98.130257667 418.264672172
-21.0822263826 -3.34522574984 556.340622589
-54.3875877399 60.151763005 765.486159914
153.820789233 140.004432408 465.253878828
377.308138838 98.7735188847 338.574698914
371.186106611 -63.163852739 274.304831752
-250.388608715 71.1724153093 385.685520535
-291.162522505 -45.0299567093 82.1090431395
-177.229113727 -176.388264769 141.234842461
