-20.7022349532 61.6972213337 -154.264940441
-172.705597848 28.6018077405 -145.103437516
-170.375498469 -167.070174293 -481.621454763
-173.407073366 -9.4104583194 -828.204801704
136.990195159 94.7926066334 -146.610289508
142.098698458 -84.0552003286 -556.19644036
55.5753888228 5.62366878825 -996.691424724
-27.8097590932 102.101384721 141.13085323
-52.0975924252 76.589651551 416.151787744
-5.22159653129 -21.773078923 552.313026905
-49.5313618836 36.2301875769 754.84308109
197.8741611 127.601024079 459.662685985
358.621900825 88.0384878348 335.327525804
347.7586516 -74.744234733 272.189605615
-243.600048402 38.6941396817 386.819105639
-282.009571945 -103.267343465 155.699503557
-95.1922516079 -206.327790546 162.291831692
