-20.1820517653 63.1067266627 -151.968940559
-168.320353866 29.997136412 -149.495171247
-165.129447809 -166.96330493 -479.169053835
-167.303108312 -8.5271566549 -817.756453227
134.712391556 96.2162883564 -150.818224704
140.07381878 -83.5870811047 -551.402177725
54.5387126812 8.03008451122 -981.22848616
-27.2086690375 101.720656722 143.862618045
-49.6466659673 71.8858960609 402.484172374
-3.53922051396 -27.1150033387 554.740333828
-46.8905673601 29.9805369201 733.433287931
193.959146546 122.924133888 498.158572248
347.602593442 88.7439848163 316.210301528
327.612444073 -73.3581314506 251.175348538
-236.710477008 35.3114696798 427.442659096
-273.139029036 -95.3923994852 141.967334239
-91.3594577026 -199.303495596 144.631611997
