-31.6132790063 97.5225073643 -115.370555474
-200.106652825 67.5009039079 -93.5172056798
-202.588715885 -145.126271407 -473.060557125
-209.082623611 -8.39525735198 -859.881544438
94.7852500272 127.544131261 -103.998682102
157.846191804 -76.3295693555 -474.27865412
77.8436299895 34.5574391319 -869.781570323
-20.8887543161 108.485145643 162.729587317
-13.6532755846 45.6776857972 413.959829767
30.6123893516 -56.2891319254 529.162915841
46.2464123025 -8.06401198274 718.360840404
212.978129615 94.8610545373 446.644053289
337.583122421 60.1451419731 242.758782428
254.423077759 -96.1831529912 186.952799002
-198.629144738 17.8906986563 438.103064199
-238.67321411 -77.7652869032 110.902476264
-118.972187157 -188.082552649 90.7493301282
