59.7575683296 98.0551900238 -59.2779392328
-84.2818482701 124.438750412 -39.4334266756
-116.049221336 -29.9493031455 -409.805627713
-229.972441029 45.3926151916 -801.796710019
205.234609042 71.6716581653 -25.8409492153
349.449903541 -85.6926413181 -399.665342069
447.865918933 78.2575235625 -728.961996606
27.3487776734 73.4043577486 180.649478625
-68.6662592188 -5.30302384075 390.407595102
-100.975728966 -101.095449374 466.037326628
-147.651767327 -78.8125406736 682.850715312
115.873860261 -35.5378194962 439.728736743
365.679944769 -116.521664869 255.550415043
223.483258077 -256.268620701 153.520384435
-239.701791091 64.7054439351 298.961378978
-301.09151255 158.342265443 63.8986788802
-520.172653797 -3.36303682329 -109.770270244
