-4.03408401851 40.2350495462 -133.888088281
-167.770985444 56.5139880551 -112.955004659
-183.784980738 -149.856824693 -495.772537053
-173.790321835 -56.8306772102 -890.549155613
124.306884109 23.9561020193 -122.25575706
117.858349622 -181.150450146 -497.901272945
109.170085608 -81.3853953103 -898.620562183
13.3638339095 103.894119569 156.328637039
11.9733906214 94.9371331178 466.796272239
18.2318969076 -6.70656301607 573.733629269
73.0599271955 59.1312498908 781.159269528
192.467107052 85.2564085891 446.925677241
311.317053799 0.807105643332 233.934083878
213.723241664 -124.358029985 172.835109479
-168.382855646 114.962637578 439.97215742
-279.376873206 80.4677562856 163.003927062
-180.770022812 -61.6007512878 79.6339973624
