-3.87050501129 72.8699394557 -129.447884739
-153.102213842 64.3220016457 -113.359726699
-213.185119491 -178.773754049 -476.584145212
-149.278863972 -57.788567031 -802.170875054
140.063558143 81.4178700042 -111.204318818
217.358513696 -171.738199349 -480.341643555
212.030671226 -81.6643834251 -870.222848837
-8.84911094159 117.536842059 159.508471608
-34.1292108083 80.9104022808 459.892305373
-4.15142338131 -28.7463401479 554.982497125
16.3239794762 24.3629504844 765.600894462
195.031212835 100.250041702 435.001600863
322.107083882 62.7083704012 220.465172659
234.571245762 -78.3904607566 77.4015650503
-213.978847979 80.9535935534 432.151574183
-327.912293162 25.9012022091 161.551839293
-245.899715761 -114.661179038 72.3899459042
