-2.69864677681 73.6009183526 -119.669962037
-150.559674585 74.7342496679 -97.7752709293
-210.758709348 -159.077511467 -443.748696648
-148.732254898 -49.7544940693 -812.48217843
132.266753839 72.4675834506 -97.89913964
200.176983706 -163.47773826 -502.383173149
196.393516149 -57.5188038561 -881.27319742
-0.687794800399 114.315044188 162.481969418
15.7890094294 75.4015471947 459.047855237
2.90002205987 -31.8643788008 548.334193356
16.6622575158 21.3529785228 751.859540341
188.50733289 84.350702959 432.28364789
304.184966366 33.4169054794 170.811075062
216.559510529 -108.535859298 90.811800798
-204.11254708 85.6710996411 433.373718339
-316.767586873 39.9610384817 173.762362912
-239.609557639 -105.043282188 91.7896161309
