-1.57582181698 51.0916366189 -112.394000582
-161.92443949 49.579140005 -91.1247970695
-171.298295979 -136.321874523 -513.397210335
-165.153402615 -2.30130433887 -835.372786739
128.224198537 52.6041301865 -91.4688844667
190.131966025 -133.905847338 -519.112174786
186.49698498 -18.3404752275 -901.763465567
0.109309878082 94.4621491561 171.1424242
5.84252741757 64.3438756256 471.801147974
4.5766998914 -38.1726549217 565.358924672
6.63070353358 17.526402517 772.595419779
186.444757441 73.8345418437 451.597714384
293.005003502 31.0674643258 176.191095853
198.04283694 -107.199763901 91.6992097207
-168.546025354 73.2838381849 453.123011605
-278.521829258 34.9943808349 187.166955216
-249.374985681 -106.545639049 103.316784707
