6.04592817081 76.1187606687 -125.896089096
-133.669780978 80.0149626069 -109.77044149
-202.471037225 -162.921577852 -468.128409478
-205.135095771 -64.1040850927 -851.934792666
155.331055807 72.2225550974 -111.38814902
215.095759316 -161.401763184 -470.852732615
153.365277302 -55.4514524855 -859.97637596
12.6442029913 118.863729332 161.381147222
41.7926588244 80.5024778037 458.993675176
20.2247210566 -27.5830250491 555.26301209
43.2888724651 27.8763549246 762.065842377
218.051580942 79.6266125346 429.287776721
268.389043152 3.53922102199 155.381219466
157.10675044 -125.268978797 72.4007252719
-185.352157535 95.2094183791 442.31313261
-303.038499244 51.5602430483 230.85523642
-222.754427509 -90.0251915817 89.0873832982
