20.8025107387 46.0809008958 -143.648831684
-95.7365129552 103.315648882 -141.124671246
-176.222631118 -75.1352502466 -537.945030354
-159.765863437 43.4457361877 -828.246247385
155.22803336 -11.1537935898 -150.88702331
133.967598722 -163.27861954 -561.905445252
138.877790368 -44.271057542 -967.005786502
40.7926743931 88.0269352388 165.711899878
44.2741784201 56.1646677326 483.455026733
6.75065694249 -41.5609732571 599.872164819
30.6620133161 14.7689713901 818.206565209
228.947318257 2.2625613776 451.629898221
261.311937237 -94.6322834432 153.852166633
138.998361719 -192.743070168 54.5134820955
-141.550898132 127.361942476 515.534052244
-281.333931133 138.887138942 307.217066409
-277.657394651 -10.0860794223 158.809776695
