38.814825082 72.8485494449 -107.954463941
-83.6619349065 140.051143546 -78.5263619807
-178.159291746 -45.7697229551 -466.010984697
-164.177630622 50.6471617807 -805.354489145
198.344109466 5.64604068407 -89.3300436529
118.345528689 -151.227700794 -539.591641491
123.580178938 -42.6636503697 -942.334666229
53.047254723 90.251307001 170.526820026
88.3708258927 36.6259731208 440.50813493
4.57912351303 -54.5139397701 547.786667176
21.4544423214 -8.59606966888 754.292074452
211.936371328 -24.4215312626 409.244761564
238.869218134 -120.184256164 111.677045238
116.965924793 -205.264108058 15.7065487653
-139.097752801 118.815506959 472.453912701
-277.576404314 133.472996569 275.857166545
-275.193585212 -16.146782825 202.052063291
