53.0023894887 80.2424022177 -110.501312405
-70.3567182346 157.406903658 -86.2665207325
-170.06327678 -27.1776325411 -462.361660846
-152.93842026 61.3816610951 -816.933465365
211.373726676 3.07799396273 -95.6159616945
127.572886923 -158.864775187 -485.094302673
134.356771456 -62.9116575564 -949.75622803
61.0737255979 90.0845521569 169.914324365
43.1953949616 28.434666145 434.832686292
-7.08543786819 -60.6279091927 542.881137848
25.1693708146 -18.9144354523 749.420454872
218.994686745 -42.6239061125 404.368753989
249.126694023 -144.533280481 114.921458453
128.311711344 -233.335414261 7.12690581613
-131.579740576 124.490821491 466.719868692
-272.929591222 162.987085565 278.053481661
-340.233495912 15.3343860611 204.390745327
