44.1121850994 87.7537857951 -89.1706081727
-62.7119110681 157.209440617 -31.6562093814
-152.090015702 -12.1515780831 -404.535373277
-137.812547757 75.7122742909 -805.366108049
166.720919014 18.2982434928 -87.710768652
143.248139469 -138.26270988 -488.264247816
150.344377035 -37.5591919485 -951.290110153
49.6249682552 87.838915877 176.166934959
49.4970037644 18.1283983724 420.740447599
-13.8984780641 -70.9074913873 520.705972345
-20.6112507164 -33.4641225853 722.058800512
225.320027257 -41.158936603 390.849357232
261.602699789 -126.144026957 95.8026216718
145.123076095 -222.681011715 -6.24935862946
-125.236559088 105.221472579 453.39533331
-318.556698765 132.88178165 260.486277135
-324.837259359 -17.627420936 193.424711388
