57.221485488 95.3520578365 -108.757107417
-63.0094750555 165.791800367 -85.0512355924
-159.375741273 -29.7461120304 -456.342102181
-139.586811903 68.312873566 -799.305042967
221.082848433 24.912417864 -93.5285667951
140.289536135 -157.961614248 -478.785023644
144.979143671 -60.6366007431 -939.654725729
55.9944208262 97.4666551634 169.382779468
45.7039821212 27.0331127421 430.071693291
-17.8510769721 -65.3133820514 531.696695604
-25.6280735018 -24.6922428012 733.978723151
223.159605363 -36.1163997702 401.101799228
258.95833355 -136.564764703 115.412273889
138.558454546 -226.861073928 7.1892674109
-130.06857571 116.859221124 460.911600044
-325.118734907 138.433267566 267.438534541
-329.944491505 -16.470289335 204.279523921
