82.5567765936 89.7429372469 -182.702339922
-42.5118681937 188.117492111 -178.111115473
-155.260718817 1.41059747574 -483.537697919
-115.902888675 82.7152043793 -826.664653552
245.002375349 -8.63147354004 -234.157754217
144.071082732 -194.267473619 -567.659670758
165.439014813 -56.7099452179 -974.473646023
88.9694935596 97.5355026106 139.562320091
63.4977535395 44.1427122402 450.84403615
-18.7623860059 -47.932814726 568.650983072
-20.3833746753 -2.57608193657 781.249483449
237.384348326 -55.0758416534 423.716826316
263.724742359 -248.59284194 205.205499793
66.7519870266 -326.78657902 205.874500217
-114.007167527 162.869599276 480.795058184
-325.31009589 205.115023715 284.638523151
-412.495190431 25.0175530849 226.19788
