137.381680702 153.965490357 -224.848746482
6.1655044196 226.412817868 -230.570601638
-128.686678262 -126.750492561 -501.469259317
-72.1820534146 5.03552207317 -739.833769882
215.218518401 81.5183664079 -234.472648247
82.3275669096 -294.677736769 -590.927786204
186.997749988 -99.1362432549 -896.319251032
111.582789141 133.107470608 110.192041748
65.4532304011 58.939541993 438.44983465
-45.2187327797 -31.4548293197 529.231171136
-119.940486116 15.3660267612 739.472145274
173.351044446 -20.7746892309 416.762161815
108.852175975 -213.787922354 291.070476666
-83.1641820112 -229.362138447 303.16273325
-27.9293605097 153.052570965 401.49080716
-141.09541019 161.337282159 212.872558341
-265.367620143 -31.3503224236 227.734377045
