84.2091100891 169.565668831 -209.726225725
-55.0406459348 213.043819981 -217.171919664
-101.176999667 -180.366437581 -476.321365011
-55.4435986876 1.89391285478 -702.653387121
195.816274948 126.08764012 -221.003585169
105.652436547 -276.935015072 -562.411227177
189.790606325 -55.1268321392 -852.11207963
62.232364539 146.306103441 113.56732424
17.6957341698 51.5429358396 469.887159974
-44.1582336565 -51.2083643738 518.829659997
-114.135944253 -2.5265694395 709.754861771
119.726219799 5.83601220769 398.824376253
190.505697957 -132.163197271 209.081243844
-47.8087581611 -196.335464294 213.010454143
-86.2268441485 120.279865949 395.227546567
-135.247554424 106.626733594 253.819181758
-224.106624518 -65.2975082751 216.315500832
