-23.323938054 -20.1124168339 -126.251752245
-9.14026512536 -168.92957763 -114.566866413
-65.6647351013 -123.253102511 -519.604611229
-213.016058056 -126.064029408 -929.665464938
-30.1880359511 128.70482821 -109.557001105
264.414662054 183.021375619 -433.262530094
277.889317738 167.87746908 -848.995535494
-74.1060653897 -35.9736063906 151.497487483
-40.9218495457 -30.2830512487 430.525959207
13.7197501839 5.82489812541 555.20046712
-88.5021695749 -17.0254046525 759.035910173
-183.951068347 115.63104313 405.225283539
-204.83852961 261.473450262 192.126577906
-108.889406987 263.418277912 97.6323027178
51.6838294953 -180.47275078 460.195060496
231.672280076 -264.401898941 200.871197601
119.45202899 -136.978155372 182.413755922
