15.9666953666 45.1828563137 -161.318123147
-104.755981844 27.8154944364 -150.118581062
-97.9185471455 -227.363321721 -461.457401324
-79.7021317977 -128.535698021 -790.646361649
151.129244561 62.5502113799 -146.749579585
209.969866467 -187.834547427 -522.082215125
134.262361301 -95.8180100813 -865.696770153
-2.5422482325 113.908552107 129.056592844
-7.78245571755 107.683829424 451.249510774
-40.8134273398 4.61779186241 549.089014648
-128.267817166 68.439102207 728.156200048
187.207937061 129.711511152 495.96205449
407.648111724 71.4978529515 251.854864574
320.222579538 -83.0153172537 322.141867627
-250.281577716 108.893959041 363.732576229
-380.525949055 71.7306638513 69.653518868
-361.2056402 -90.3248135889 51.3228714468
