-12.7817365695 45.844588364 -153.008212316
-152.412223224 12.1582471833 -141.023290459
-145.294746951 -191.723761088 -461.571622549
-144.380270257 -45.808535837 -793.717974905
150.068712737 79.5308826818 -141.391177123
166.102034246 -111.407631587 -539.439048335
75.4788899469 -27.8763786027 -945.577471563
-29.0833621422 100.085212561 134.818536757
-43.1416849367 85.4170265462 402.813909673
-26.0569346005 -11.3105424928 544.620806035
-105.88377264 46.0212408506 731.262796866
146.261730244 136.364876924 445.899276995
362.914613456 122.715542449 314.546658897
429.994377978 -43.4435814705 260.410663356
-236.749658156 52.9946509894 425.51799467
-334.576887774 -62.3519580986 86.0156818649
-168.381114644 -195.651342289 149.810022033
