-52.5853359709 62.2350520349 -113.785066179
-201.735548953 -8.96743267906 -92.7949528456
-191.42414394 -119.682724912 -546.151074831
-225.51635381 70.472847428 -750.12496163
85.8178219568 133.437471242 -90.602748825
104.072576738 35.3563563794 -559.430851301
81.5893383344 123.586740568 -960.833101675
-58.1256087521 69.5710888571 153.615307017
-85.5225088759 26.9919075937 425.705630207
7.9952791481 -52.2137528851 512.817272498
-16.3957326719 -17.0882544778 690.439636363
88.4873110212 119.754929863 415.091728243
354.49219356 150.184208185 294.454931242
457.758464134 -17.1485311895 228.855790681
-206.941984014 -49.2547297677 399.281772806
-217.704775094 -229.39526209 128.504582652
-26.976658344 -324.969480517 200.879103879
