-38.2579003642 72.0958757278 -122.796757621
-169.949406925 18.5444854212 -106.669747616
-222.970796018 -136.768470854 -490.143300129
-246.598396749 6.72151570714 -880.479524326
113.506653795 125.647329549 -111.656589632
146.551669239 -50.2340390519 -484.245610968
185.591486053 33.4335767905 -876.008643791
-47.0316840183 94.6695756453 158.940592491
-54.6772414306 47.9339104016 457.411061399
7.78905200022 -43.9630705042 543.085380949
11.8074540328 3.11094078126 764.470029669
119.4278323 124.977066976 443.718845276
313.518778779 133.158547378 253.088965086
386.904549465 -46.0061601287 249.901779824
-235.702917802 -10.0962957045 378.080471398
-259.400692459 -134.507357183 96.0369228827
-88.008972251 -252.944625184 79.3466288436
