-64.975575445 12.2004332684 -163.229737204
-156.171812425 -114.020977449 -169.836057039
-132.288358709 -158.533110708 -571.132704809
-325.604588248 -39.4700880775 -965.07260721
30.5033999797 138.421798165 -172.564333641
232.215013502 50.7482147988 -490.725058989
228.51714433 65.1990086608 -900.879995728
-96.4748186143 28.6291036741 120.978910959
-62.7297175932 49.3751743284 423.029939217
18.1917609903 -2.88934736327 508.323387413
12.4872382114 32.8191518342 687.725511181
20.7206557705 187.155108911 340.424732276
65.5026664348 293.027124264 133.664669005
146.522845735 154.74411339 124.953248746
-205.50752937 -95.8387004316 408.973503222
8.32945580456 -358.88030391 381.012156147
137.503586663 -289.408028785 587.653444223
