-7.2396495109 60.9280446414 -131.397163678
-168.319164083 47.7883761236 -116.433466408
-174.39468617 -152.926651948 -535.019409273
-170.304726099 -19.2464405398 -859.888503663
121.75942671 74.0677153968 -116.081550097
187.352324898 -134.249803531 -533.263681244
177.602790784 -7.82126081446 -859.428830924
-8.84314399353 104.410334537 155.876025672
-6.43567453359 76.1606643758 453.293021875
-2.35460812879 -27.5805061281 556.632461129
3.04668022751 29.993830953 752.835891941
168.577808996 98.3644867463 477.885551065
344.100749921 31.2042308553 231.55147294
201.291438814 -117.489076197 233.584613484
-227.657865082 69.2499789511 417.930006087
-282.473362283 -0.571214306711 148.931147953
-174.145742093 -132.861555101 76.2169428812
