-19.6417840563 50.7557867148 -140.423237466
-159.678787248 1.09801942051 -155.725612868
-148.100325023 -200.346196473 -496.986795306
-150.349109395 -52.1023147951 -814.29598998
118.733703387 100.413550305 -108.560933461
193.870583225 -114.15401483 -502.350536318
178.92701253 -52.0182857066 -931.119884776
-37.2871940839 98.998162395 157.691932982
-51.6651540694 73.1538377719 492.373773793
5.26057111197 -26.2082686674 574.809287358
6.18429435852 29.0603813168 781.424255579
158.266751087 139.632286761 467.770059635
285.550508243 156.892442688 229.465395028
346.264539189 0.486862552038 148.620243335
-225.018399699 27.9493000715 419.432116905
-320.455152741 -55.6864976325 160.438673873
-232.530463826 -185.89822138 77.3277902993
