-56.1029528307 14.2583089773 -145.180411219
-148.144118723 -120.229534442 -150.11097259
-132.270728175 -158.144614618 -568.062521509
-323.920273594 -34.1394066055 -975.274732393
43.4297764917 148.746104506 -151.513535599
253.238565845 57.7547668852 -482.894240696
251.221878232 72.1258308374 -908.244244607
-83.0286115524 26.2405931572 148.272156248
-46.4237625907 33.7160885437 463.539800081
48.4893669656 -18.2958977439 541.995398725
34.840672443 13.5572664982 738.54918768
38.6213593302 182.447452819 379.105692106
68.3246248845 311.064333624 157.558697977
86.9335028028 198.905912951 46.2752494046
-141.328244394 -115.043399777 445.960789475
-53.1565718885 -346.824216588 341.825503892
68.6333193902 -295.700969246 449.52566256
