-5.79891522249 47.7104690231 -157.738640949
-134.959989236 48.4461124203 -152.718262626
-192.090443439 -207.508874364 -433.614712067
-181.80118991 -112.886658967 -812.064988342
110.737776449 46.9748284982 -154.622508421
153.584083445 -204.347353545 -496.000461168
141.120289153 -139.75676635 -935.207508376
1.68089936361 117.865535128 146.07754613
-3.38914041566 107.544275373 464.662854701
16.498152763 0.566412930829 580.06875419
45.5654604641 66.3979001517 807.316409662
216.456234421 118.502984684 436.803887921
342.260250347 74.7680539462 232.029513276
319.049215508 -71.631216764 101.718753897
-184.73721131 113.165693825 438.525566688
-349.343786486 70.2685132782 183.446416055
-282.451548994 -76.0799092681 96.8200743422
