-8.13956396909 37.6128760009 -155.111424368
-138.53134298 47.8311367729 -149.679692436
-201.368073366 -191.789206995 -443.701859419
-192.454661264 -97.5443943143 -832.855858002
108.832242267 27.3946221196 -154.611353095
146.617616865 -195.500552562 -517.894806495
78.4083796955 -126.717588186 -960.896609132
8.98256593817 109.486722626 149.844295958
2.29582739579 101.695760863 480.644524454
30.1966512051 -4.43134839674 584.044396882
60.0501500505 60.24883584 784.53672635
225.607774054 105.327810088 450.144911056
348.329183124 61.7790425456 189.895672829
336.399352666 -85.1199044691 107.031957764
-175.681044732 115.814258185 457.534676868
-305.883010469 83.8487588818 251.673568058
-292.622393318 -50.9113237654 111.206663369
