-10.5762293931 34.7295322313 -129.246080489
-137.014629102 71.3111943485 -87.9020950618
-205.294481643 -152.972714652 -423.428441047
-184.523923778 -69.5264333223 -793.679221174
99.6182957052 -1.85211013844 -141.137236382
74.382716609 -208.49913633 -499.988894598
54.3998696225 -137.237677367 -927.010990459
21.1239950028 98.8996243328 159.102283522
56.8746308066 83.3246958212 469.571203457
43.1398678089 -16.2952344415 574.374721337
112.363019078 44.7787540859 763.561551983
231.22337656 64.5860999568 427.964817741
331.626283949 45.5739998309 105.494846536
309.437432823 -91.3352266401 -57.0802120392
-161.269994386 123.607749085 496.916422545
-292.778570488 119.386681261 254.515190348
-289.044025775 -13.5090261843 175.249754476
