-61.5046488322 15.3618417018 -173.360889654
-143.8946995 -120.325706702 -189.619863188
-142.859100509 -137.927493533 -595.925201792
-330.283081508 -42.3822110336 -988.602288667
19.7094453548 151.049460728 -186.122824024
158.920487028 96.6484924202 -508.509086002
219.424865921 108.034477597 -932.175407976
-92.5780340439 15.5444712252 108.02728623
-67.6845462434 -1.23923315465 403.68619633
16.902273182 -26.8848516706 487.321700292
16.94417758 -14.6961525112 666.862267002
-47.8634718416 152.176697829 387.009660322
60.4207643807 322.520060621 285.350241207
229.923782899 202.712068803 480.635158599
-146.98982694 -144.133390264 327.567738232
17.6401067173 -344.742654666 214.805047588
156.591096749 -268.517916746 469.552834186
