-2.97093003337 31.7566181073 -119.635901503
-129.007244317 75.5114214446 -96.4601314221
-190.594972784 -114.698321546 -448.362241769
-117.01397054 -30.8738015796 -834.540881176
99.444214809 -11.9981727044 -106.303447592
70.8754452433 -197.646631478 -466.228334799
64.5408779925 -121.395468358 -911.560548604
24.5570456989 91.1624703671 164.931351453
61.1255136435 74.1649971181 464.32950248
30.7284784071 -20.7389176355 573.387575168
117.077258615 38.5602361168 764.023797439
230.071285024 41.7392677384 424.120997733
277.524971384 0.82052136233 145.163764044
254.231277857 -111.158264945 -78.4017983774
-158.981989256 123.940341291 491.791185494
-289.235950267 126.807471126 251.559727927
-290.056717424 -2.45551112607 158.247614458
