-8.15233495232 13.9103626669 -130.923743186
-124.73002161 69.7980825953 -112.968658514
-187.515206934 -93.9664836453 -483.320301379
-108.016323922 3.2005326586 -866.399951772
104.334694474 -41.977354158 -115.728701599
20.0570531566 -199.168051764 -548.184786496
72.9485095047 -101.90428748 -948.114109619
21.9527812525 75.7222752696 160.947099283
15.7085009283 71.2038477251 470.734831111
15.5747248754 -20.7727543905 585.712725201
71.782030021 42.632984438 779.277412757
237.848005316 32.3417768475 433.492464987
297.262090429 -21.2863305449 170.319187047
337.707284965 -144.989203064 80.6593904605
-157.856574357 131.313447873 497.477009578
-288.126304406 151.433792182 242.465686611
-291.403737576 27.9743570784 158.825396908
