-84.7884060749 27.1211363528 -159.494426386
-182.302942722 -99.0976988492 -165.509100398
-166.813262891 -140.883835109 -562.587248684
-285.961364694 -33.3648659051 -967.231320444
-1.66355410814 153.340094984 -165.419128503
197.537519328 62.7019724253 -480.28766463
193.371210492 85.7861799402 -888.133902795
-104.202218102 32.3422726264 117.59504524
-79.1463182127 13.6304432818 420.653870968
19.390889592 -28.2484935324 488.093793959
-1.56274657661 -4.96834145431 681.651729896
54.1439751344 159.233520331 347.409798255
45.9372288698 286.212070282 226.67858314
213.780695544 129.782224787 401.897571154
-172.999538778 -122.806562677 345.699997963
-14.5873962087 -322.206267968 216.37486258
200.266494924 -253.885864893 413.823750396
