23.1813187679 74.5383370206 -135.072546424
-116.516685481 100.056432256 -127.794171277
-137.568782523 -141.186052907 -430.68848899
-176.508458821 -61.1780389233 -820.011284138
174.377064546 49.0202782595 -129.739291638
171.998584435 -174.35630365 -495.115174234
168.959331946 -67.6152029941 -891.424441127
31.5387363464 115.654476341 154.855233987
57.3987949542 79.3694837582 451.233466358
6.62000270345 -23.425459965 560.842173684
3.29072060841 36.6813945965 761.373670942
235.871014548 52.258396674 421.648358534
280.692898429 -38.5036363561 132.190622975
105.511006746 -157.752055974 53.7070148569
-171.893737296 120.958851542 477.070090444
-303.876854803 96.5242473827 223.4561442
-291.73489731 -66.7912217154 146.397459078
