69.8252709754 73.6192090808 -155.563162621
-69.7737214799 156.802027234 -165.421145208
-107.781304208 15.2242646644 -490.100628685
-68.3710818685 114.59299225 -840.317992242
220.618256013 -9.56343416751 -165.314079777
200.869389088 -148.569976939 -570.661197391
221.616749879 -11.1715321557 -981.37382503
68.2959402401 83.4681734486 151.092395425
31.1524873477 38.996494429 459.574589263
-41.3817561523 -49.0245019606 561.159074491
-46.7991929752 -2.57256597263 783.138553882
214.16971278 -49.5461643005 436.156563916
244.623838232 -231.670705095 216.651744189
47.602127412 -327.111151204 218.790705508
-146.177688026 145.259367617 433.412957534
-294.10037288 178.562207922 216.854780392
-447.649199354 -2.84581646255 230.299833534
