90.1214664908 77.9952322224 -156.192755242
-38.1367796073 178.260613115 -165.826799638
-148.05256194 26.7134842869 -472.950855377
-43.944021209 118.977693952 -800.333376895
233.372032469 -22.2700105025 -164.615510877
147.709650853 -173.773878093 -550.994521769
232.587006697 -26.2008464173 -944.210404507
82.9732665265 80.2333509087 141.54058607
39.2101861479 33.9617525594 434.544362298
-50.8285544023 -49.0102930026 529.569457601
-91.0943114415 -10.6431535694 743.546855559
212.545426277 -67.4648546715 412.975139297
245.90922742 -260.593541664 207.00696919
-18.8485131217 -333.231167673 289.915097784
-118.222841271 155.001989221 408.489203471
-248.857043973 213.757128647 196.505316011
-404.177457354 20.6065080848 204.02017705
