76.029347612 42.6185085697 -142.516879738
-27.4669266801 173.1476023 -161.423161169
-142.208300918 87.2094830361 -485.008232985
-36.0227220098 142.176735348 -818.323502283
168.03842061 -87.9103807197 -161.879789446
144.230461891 -164.888531448 -567.531880893
256.066730904 -31.3971186265 -964.171027635
69.240110718 42.2721194812 160.950811047
-20.7419290608 2.73315829934 501.436795856
-103.373468566 -56.805429534 543.645185968
-171.617363865 -35.2386029213 762.074116208
137.464040327 -124.578642651 426.506992504
241.870038353 -285.408230895 211.127562123
-19.2815388809 -333.396667802 202.761420052
-56.8710958892 155.562562223 416.265490295
-150.993292438 300.457783627 214.452183173
-322.466522365 158.638627577 203.289850955
