-5.52468566843 48.1028594527 -153.247645662
-143.630338492 23.4571415324 -141.810150641
-138.820955028 -193.070242635 -461.637272872
-133.370655837 -55.4160890188 -795.392160916
160.212986034 72.7485421225 -141.307295612
164.941448098 -131.983463713 -530.09634179
85.3606791595 -54.3321529137 -947.106409119
-21.4741185083 106.233037463 134.470300618
-42.9603851185 93.7215619523 403.989621804
-30.1723409553 -4.97453800408 545.66176652
-107.460205777 55.581951281 732.980252363
147.968218042 132.151563205 447.443386621
368.425919893 96.4496379656 315.401330764
352.928708557 -63.3147158268 261.316213452
-229.431511706 70.8123685716 425.954527286
-326.51106834 -36.2848232098 84.2465150016
-157.652839463 -165.238185153 139.396441904
