-27.8760199996 51.9761220355 -140.285510969
-145.309564606 -2.26580258581 -136.851349877
-192.364412296 -117.263455699 -536.211357794
-213.502684402 72.7914351079 -810.26523371
99.2000566012 106.217980251 -135.183202576
105.000893934 6.00962114503 -559.477082735
75.4595005001 94.3122768466 -1035.17526599
-41.2021015667 75.8092907672 146.059305024
-32.4307265492 46.9268720505 404.580331396
-0.748328528787 -40.0559627803 542.362214244
-82.5724202277 9.21609983109 730.820945666
149.245378525 120.242395729 446.641784642
362.262010612 112.025240503 318.78356464
367.435648771 -57.4034201012 265.005631849
-212.786176213 -14.8608814794 430.994934903
-236.563706672 -194.994420919 160.436464937
-43.0737979514 -283.474681585 240.944537281
