-61.2168952479 88.6084083568 -113.635359806
-171.204411527 -0.24669732808 -102.189745352
-140.741719551 -158.866241612 -471.697922312
-232.360955785 -0.97501119676 -858.069292413
51.4121869335 177.463509515 -91.5282301956
291.891568605 -36.6660003928 -390.251460271
220.747699355 26.0986995759 -787.230708186
-79.5474714288 94.8753012013 151.908514734
-66.9486079936 28.5659307337 409.129061596
-8.97555816937 -55.2285037484 506.719229101
-50.243618155 -18.0838694898 704.685094218
98.6300587949 133.405190561 441.773769055
229.255218154 164.833320151 248.188214754
153.430464143 -13.0524164218 190.662792723
-230.909431363 -58.1942032991 369.201725464
-174.500943759 -190.779823979 32.289248331
21.5424922132 -224.794884126 91.3149490474
