-9.41405618774 30.0615097337 -137.642832295
-174.511926871 65.4957749067 -114.269609925
-254.446428176 -151.69792555 -491.664436283
-189.054279947 -66.432868715 -880.792777411
111.808187308 -5.37276604118 -123.790464746
89.56660684 -212.674140927 -492.704305614
84.3737610053 -116.518029942 -880.896434713
16.0790850488 105.777613804 148.946350335
4.63697805715 107.68753902 461.602057641
9.72771764161 8.49917633288 567.464558158
62.6322445261 76.5644175233 773.387913316
182.441100086 83.7277149485 442.928085364
301.88722674 7.00257038094 238.577496987
275.184232104 -118.970723613 162.429060038
-171.543597168 139.303147159 433.367927052
-213.602373686 94.3053784049 100.043152976
-109.371730825 -48.2939887092 144.8144623
