-29.4996115343 85.7815713349 -92.615976326
-161.90670625 19.2894487864 -86.4608028921
-153.668006233 -154.776507796 -465.604753652
-235.114862352 -11.2874150843 -865.542194104
117.957907865 152.273694393 -28.8434613096
294.012503216 -82.1406683669 -388.952945248
292.86174414 -16.8755064622 -793.749443363
-56.5769854522 101.508649586 163.048818392
-71.8615434708 40.2094603256 416.307469422
-29.4232125674 -52.3121581572 506.024646323
-67.1435745907 -13.6143335835 713.860274475
103.125265703 121.527388587 451.900326717
240.335187362 145.304030487 266.933268456
220.943921536 -17.700977242 195.981021853
-243.279259189 -19.3954154502 323.199627245
-256.69242321 -114.40546332 28.1556404842
-79.5701544811 -207.852050296 6.75421176324
