-37.5823358942 82.4718251884 -127.25228709
-166.236410525 33.5521507093 -112.74363833
-198.875579164 -176.176355696 -464.979864416
-149.19202067 -45.0521847142 -852.267713792
75.1006917296 131.391527876 -113.364406193
209.837329437 -89.87930585 -471.313794946
125.711649667 1.13454204256 -853.210270374
-41.4166320957 110.665502954 160.745202057
-39.4934682484 57.8393804872 461.522458143
12.3346841458 -42.4101105829 548.039432974
25.823302554 5.70702447038 764.2577031
133.759145433 124.442955464 438.007919699
307.374457666 120.497215246 230.045256159
304.969519449 -45.48577662 159.027411027
-220.530843284 11.9498366554 425.967236465
-257.095989272 -87.1443384994 96.6682860074
-151.151784748 -203.791131462 64.3315162968
