0.237565346635 51.727417017 -129.89735293
-144.89828428 63.942479668 -116.208266577
-202.111875602 -151.144833681 -479.917795047
-132.865405881 -57.7198133465 -865.604876496
104.829819651 39.5123497121 -114.487377169
160.543947572 -184.107663056 -480.87775725
214.935717453 -76.8425985108 -874.409285597
4.35948921158 104.534591446 161.259065382
-16.462638416 81.2449237079 468.815291967
-4.70197036153 -23.8226880033 568.287309209
32.9919872009 34.3052104206 777.029123258
212.962903852 78.2516260147 443.301758964
332.099691733 27.9585746609 229.22646099
255.080831193 -105.385049435 85.1335110361
-202.723602584 103.581191995 441.432088047
-313.603392708 81.5731416804 171.733799095
-300.779699183 -67.6055655014 79.6768456962
