-4.91254653844 73.7895048054 -130.857534215
-156.474581231 64.927789436 -115.72199185
-206.782321509 -180.056964654 -468.812275686
-143.591515923 -78.8335399419 -848.092229742
140.800413997 82.6512181844 -113.989238792
209.270342596 -173.294443052 -467.65865612
202.162252733 -78.3174242795 -848.743420424
-9.14081554527 119.492883892 158.505663106
-31.254296593 83.556115019 459.66424583
-4.22118238821 -25.7204849688 555.182420942
18.7240146015 29.0176646624 761.718442216
195.251713467 102.374880736 434.58692194
313.409580705 62.103884032 222.172098787
234.106536647 -78.1154846277 82.617667331
-216.04576252 83.0470195495 431.858037459
-321.080050192 25.5991790633 164.515125418
-238.496326771 -112.795531116 77.324273699
