8.07795358959 70.3721025593 -123.707615692
-103.271743838 84.7965994013 -103.674745893
-218.534339247 -141.539774497 -453.984974715
-153.83376427 -31.3441483902 -824.64686403
139.379900043 55.9476096973 -102.836954418
186.309129024 -165.362248363 -512.642998852
193.789848576 -51.8746164325 -894.059124912
9.17765886146 111.75376632 159.269385336
14.082588004 76.0003154603 457.455786765
-4.48609453128 -29.4750267632 548.056187331
11.5569322106 25.0021225815 752.412272545
194.318302873 70.597921529 431.223861763
302.448590203 7.73892748611 168.651996706
210.470877422 -130.343484992 88.3673733595
-206.254498453 99.764316888 431.707913525
-322.117842619 51.0727987117 175.295470681
-248.343979935 -103.508080916 157.861200427
