22.9301119321 87.8587798151 -113.066293258
-116.866532858 119.804637734 -89.0990241033
-192.241964002 -146.035277704 -366.394393691
-177.201034911 -85.5492636284 -794.408696004
166.657670564 55.9129490416 -96.8717837629
159.571981977 -193.374537187 -431.959680588
156.512590808 -106.352029517 -861.272452782
29.826749148 121.083907221 159.913145958
4.30134154315 73.3113055813 440.596781823
-5.24972830606 -30.3440239138 530.24866657
-1.49840509544 21.1895718222 726.954347536
220.262266662 47.9984493882 413.970208807
322.310861674 -14.1248298984 151.694164242
167.782265967 -134.040397461 7.92860727702
-164.462889739 118.533815015 421.426713212
-283.522553462 107.13440619 165.816615289
-261.605599147 -47.4577270932 85.3066244023
