23.1394287854 76.6168138169 -125.134416546
-115.623993581 117.713190947 -85.9041437835
-195.192436012 -135.432788434 -413.27517823
-186.126447089 -60.7797419508 -790.546354852
163.15878973 35.5204748527 -135.473295256
152.870218329 -198.998291767 -482.257738287
150.903681661 -85.3607155135 -857.694919066
36.6274612997 115.020266311 158.931560478
50.6197778767 73.1644438034 463.860660729
0.398404034792 -29.7480888699 552.252103683
-2.02759368423 24.3572746615 757.391891795
221.72367276 38.1670496739 434.967527489
319.739453736 -33.0073474996 115.967196453
161.37817053 -158.017021626 26.0803390791
-166.222392904 128.019278932 439.245994696
-282.688463343 124.321179323 187.679071963
-272.512438032 -39.0334201891 110.135712912
