16.7533570512 58.9546795902 -119.714755709
-91.9696749891 30.7539805834 -95.1499113323
-153.027265868 -180.021018491 -484.206544571
-223.190968924 -83.274650604 -892.778601998
167.200260257 87.1553561915 -89.1568379026
327.382313372 -150.909799973 -460.37026531
333.588725975 -50.5823501956 -816.870276039
-11.2991571167 108.055981798 155.253984514
-55.2790332886 82.3058677181 437.689623092
-52.0026397365 -22.4005126184 533.878409791
-114.622164535 27.7427626818 760.067155831
137.015289876 111.006112452 430.090433173
350.782433462 73.4029625353 291.805402211
256.799057732 -68.9804434986 211.628776168
-241.440729106 74.0338891096 349.854415738
-351.510208499 26.0899221499 115.072936684
-341.728035449 -126.24967123 19.0226595127
