28.9018867899 50.7449790128 -159.323429603
-84.4252996068 125.880204626 -143.733264123
-171.25821061 -45.7655087568 -535.555240251
-149.212987196 62.8748511269 -813.681531222
160.966409641 -24.3901502924 -202.21565387
126.841233946 -169.024588714 -614.37082396
136.709052103 -27.7250089668 -964.24164219
56.2341102402 85.1831519097 160.375678493
53.7970526915 49.2804082115 492.868678759
5.06904759129 -46.0115116102 608.919977588
38.106434224 7.50199133952 828.60269244
235.487249804 -24.8542610386 460.501987129
259.93009189 -145.797087421 164.776329514
67.7053001742 -222.521095292 70.9143036017
-136.293669251 139.788024508 524.805496475
-270.375146534 162.448810246 318.506956899
-267.977511311 0.846533526561 173.616916102
