31.8266481963 56.4810869812 -129.232315257
-81.6724049169 134.942043882 -90.7899256023
-176.626459568 -30.6905465628 -479.725540072
-151.200129092 62.3085026806 -829.132588828
160.165219377 -21.9797579542 -149.31187387
125.758609438 -161.927924171 -566.145353021
135.769560605 -40.9264420424 -971.462732751
55.0956809778 81.7200859067 167.575534577
52.7085072011 37.5473559228 461.746390263
1.46161917518 -52.1319502191 575.961794383
36.2658440627 -5.3512789662 789.620329381
232.579653399 -34.7814173585 429.750950464
264.265971565 -136.42247835 133.522959263
143.317984717 -234.435872613 24.4625974206
-127.028636696 132.408862295 495.231742253
-271.851647071 170.335400411 294.334352675
-342.452073056 21.7989356089 216.994765482
