67.1878162855 85.1781033695 -146.677902438
-57.0187190858 174.348731032 -147.571074558
-165.661065575 -24.8104115465 -455.205567529
-140.653512011 53.5927990748 -801.421271076
226.37100558 -3.99236198742 -157.972960828
129.655314498 -179.85924163 -547.696332845
148.402466704 -58.7982531954 -958.266768483
75.1571197033 95.2926003294 158.589449729
52.1072733942 33.475429616 456.566661373
-18.955007536 -56.8725680474 565.435028882
-22.8853219885 -13.854755926 779.715690107
229.835639568 -52.4670855066 426.42256682
256.682135565 -174.859740606 135.125711845
65.7908976228 -252.082469149 40.3414277117
-122.984581209 143.358836273 487.265575903
-266.794800576 184.460115263 287.84952315
-332.846732536 15.3001550376 228.436396382
