29.6535377841 78.9585726517 -92.1273141289
-83.7874813366 69.444749881 -68.8613165923
-153.296244863 -128.610494357 -446.665592367
-215.075892192 -36.7502870618 -847.510696422
169.15236609 88.4723829982 -60.2393254831
319.138500474 -132.968438746 -428.415350266
394.714961735 -27.296118988 -833.433971393
3.27700434584 101.03458155 166.734449012
-52.877454909 52.3208649986 438.034888788
-66.1892648176 -51.3950566722 504.883001424
-121.948265471 -11.0330523075 694.50478882
134.985294915 60.7448107088 433.865625502
343.863821481 3.12222205568 303.289432845
249.460695945 -130.997238517 225.747335754
-232.093911045 72.1444718453 350.962886046
-347.330655736 80.7661595207 63.0795830986
-404.905735075 -87.9581295562 -51.6093221754
