59.8402699001 141.164470676 -214.544370825
-80.9976785697 178.44117022 -223.09300345
-129.835888264 -237.981707423 -414.863872003
-83.9508593519 -97.3305017905 -695.887056032
165.094937184 103.887865473 -226.288210177
78.2122533849 -312.87530809 -557.227343519
154.389820232 -134.623955645 -855.284486331
53.4548077241 155.292744944 101.898958123
-0.559669949777 91.9019472722 455.758225149
-33.1740530158 -9.39002636465 516.071428598
-121.269281402 47.505138675 693.059295241
99.8227120845 53.4079636903 433.842803482
222.920395554 -71.5636877969 202.432399594
-2.85747900453 -148.281274424 267.417340411
-49.195140723 146.732587509 379.62063319
-85.2535217158 124.401625559 181.998014496
-166.520599495 -43.052866877 200.308979204
