9.02292579881 6.40553035851 -156.332450912
-110.539940239 123.613486896 -180.939175238
-149.097403723 35.0645631677 -524.930861605
-100.327346028 98.8043578786 -873.049763106
105.163924739 -110.802197779 -182.804264519
86.9485230955 -179.066052101 -611.210997859
174.297134266 -69.3387263222 -1034.80039475
27.0145417634 33.1327746839 160.803094883
-11.1840869756 16.1198189252 515.038208451
-103.352148902 -55.0554214207 572.34308238
-229.256488753 -25.5467534969 788.089979245
163.613177333 -87.1867641993 439.907483905
384.969381699 -196.818920907 298.769261851
290.770785246 -310.419448284 198.742185237
-111.877825738 158.469712787 434.388936121
-162.680054038 338.388097096 294.64316845
-330.799780854 246.170803038 211.954772499
