24.4013618142 32.5477715713 -147.742600487
-120.018224334 120.159087971 -155.676101238
-157.084774653 -25.5396297655 -508.061251617
-122.438708769 70.3609548314 -863.028899209
176.260722419 -55.0633736525 -165.433636995
95.4210072339 -180.535352145 -595.924728678
172.353252187 -66.964987444 -1030.62136883
32.3789877407 59.9463142234 161.308727818
-9.05042754413 29.2191406598 480.985786
-68.7227549696 -58.9702683074 568.143308287
-167.935724329 -18.2310921568 757.983580906
183.618040341 -41.6880790139 458.78754328
391.924324007 -114.563446057 249.469688137
297.004266853 -230.624849332 143.904357756
-134.208588571 139.141145854 456.145002582
-257.645851706 234.931430811 309.280069347
-348.199313131 108.72699434 234.068611258
