1.48972537863 50.9069247433 -127.476251044
-139.904386809 33.749900064 -105.660079513
-138.836002575 -170.357806408 -488.160548932
-131.442474475 -40.3589472536 -835.639780175
166.580362725 68.0639292149 -104.114993653
177.093666458 -128.862256124 -499.11351683
91.1453782663 -42.9202652357 -918.330236254
-12.7526029182 97.0530601164 152.686546166
-29.1951213942 73.0414988966 434.541723187
-29.3757028174 -27.8857134446 541.8045956
-103.064531418 25.882910486 708.471081963
163.219942239 104.867123942 478.392464792
374.497930277 86.8757410096 285.041897553
371.831270699 -60.9103963211 205.189460856
-225.329206599 65.47691499 403.322847936
-340.145310265 -1.58259502445 114.802164745
-236.451517115 -135.586622369 98.8987336498
