39.4173940976 97.9440759806 -75.8132447242
-76.3441796419 112.914895603 -48.6053306472
-162.909989245 -85.0415378022 -419.331577279
-219.30183488 1.97601487418 -814.225370864
166.219043072 82.9732631473 -41.8872444658
305.026926139 -123.820638839 -404.256816416
391.749480604 1.88540440027 -798.463500344
15.6936546454 95.7910013792 172.863749515
-52.9231833339 27.1150250917 389.611042748
-75.0509307804 -75.3490348579 481.859431801
-125.706461506 -44.4978394317 682.91254061
132.530948245 14.8148995616 435.212615981
389.273531356 -45.5046728705 248.666406527
238.825795221 -182.681001961 150.338082571
-228.805647247 74.4581060739 349.677006785
-339.006410128 108.773610554 76.6176142367
-418.628018648 -60.502044526 -33.2889739891
