-7.54614541875 39.4475975301 -205.493151379
-176.182688289 46.4622881095 -224.254360067
-186.793540405 -237.63557689 -461.847522427
-162.221541546 -132.15798596 -800.66148645
143.939242276 32.43291584 -227.586830323
123.482787137 -236.978115857 -541.131974807
39.1660896726 -180.546481448 -953.185027114
-2.1910956539 128.306688549 115.509396183
3.74902136358 138.715945997 463.847661089
-10.1844115699 30.3355046067 584.549834219
-59.7852914296 105.893718948 747.233215995
199.119238368 147.576344897 502.739348228
410.07205602 82.8199784779 313.452420798
401.031684814 -73.5989429284 256.377331205
-241.771317303 141.162507719 433.170873532
-303.414081828 51.7547949596 147.962900325
-190.391658842 -83.991182547 149.935968045
