-11.4121262788 26.4338314007 -206.938403861
-180.082003485 22.4872002217 -223.675077426
-187.48626788 -222.554345251 -533.457110108
-178.203751791 -74.6675817581 -811.09355672
145.16596435 30.3804611813 -227.634653581
129.589815101 -193.096909211 -615.822698155
41.7027909993 -101.550696759 -968.7925158
-8.90851272444 111.992487542 121.056985494
3.37719256523 125.978268243 489.629764384
-4.21239468931 19.1196525934 601.455142875
-59.7446045012 93.8346713337 781.110939992
201.799223028 147.542347342 474.3763624
420.356663127 88.3193736246 339.058207303
415.49119176 -73.6081758031 284.682545216
-247.708936894 116.009804322 460.028400167
-310.927708923 7.39451759893 172.992837592
-193.329567447 -124.785125936 176.410780421
