-26.1290207961 63.2275526204 -160.852416176
-194.842360989 36.9486228045 -157.981319432
-187.539889201 -181.224713308 -542.881721714
-188.587099798 -8.85912080863 -811.378528998
116.964324167 89.5064924184 -160.903433156
126.748661938 -112.623607627 -548.203875515
27.0223345954 2.37414938267 -884.435487897
-23.7027516427 104.037316128 144.555564873
-6.36844705135 73.8969855918 446.426540059
12.6371155067 -29.1999489895 572.556277711
-0.366673960243 30.1879141836 783.618777702
189.74773459 122.226721958 483.506624247
388.266778706 93.5800750616 286.840100239
385.59535551 -76.1136965351 218.854491416
-247.391731475 44.3420314071 425.832409792
-291.441931872 -68.04935502 129.092672503
-117.807055148 -187.741653438 113.471799222
