-34.2371593342 76.0547781505 -138.819473734
-191.27354461 38.5157422344 -102.99117075
-183.627767022 -161.663975277 -486.432327864
-254.08095102 5.12844687807 -820.462288639
115.139486772 113.593809243 -161.230331221
132.195552376 -65.8071468041 -551.597919263
30.5571638683 61.3128324348 -889.15500436
-25.3447621092 97.0236408625 154.526045611
-0.285972037422 50.1407105107 438.733048904
25.9343238699 -49.3988420722 554.134584884
7.65581413556 2.26471470406 761.352234498
191.894085955 111.551241035 467.836670997
388.580919622 101.438936957 280.681466213
389.697760608 -70.6426067943 202.657569192
-237.936429685 10.9688711452 411.778867733
-281.06157407 -105.752506127 126.560341329
-107.454544882 -218.910427485 98.8017229331
