-66.0606663563 43.1045926316 -139.240361075
-167.134348088 -74.6451751686 -131.640230701
-143.195003109 -145.987105064 -544.53799883
-253.874273646 -14.3717939847 -957.098618301
43.4807298452 160.854410121 -128.987321624
246.087770711 27.3518482007 -457.396392476
234.716933809 60.8741432255 -874.962273312
-100.57816607 56.2650159784 141.065445847
-73.9395900492 25.4786153368 407.990289305
-7.941037494 -35.3459603596 527.87062412
-54.5401494327 -2.35035369314 732.209178744
31.5968547194 161.344432814 441.728636461
156.923920894 244.00978203 246.197568521
166.089048974 71.2821787648 263.501730285
-225.757599233 -101.20465615 371.812011087
-84.7913294371 -288.524130703 169.869262577
124.337034135 -249.836459813 253.590350855
