-13.632844857 44.7182507196 -138.295125933
-175.333303615 58.6540383376 -119.967893796
-243.09176799 -180.573943808 -486.310854591
-240.233843869 -66.0853067331 -818.335475692
125.463980052 30.7824615221 -124.587139834
109.995642603 -194.746791486 -491.985027698
34.9257869967 -117.21777333 -879.099230064
4.30904739014 111.113531107 151.771446061
12.5097858171 98.8685390775 464.947997438
18.6466925712 -5.1240545408 567.596221242
22.8070795638 58.9492720562 779.460719654
194.149328222 103.998455295 446.127542211
325.65851806 56.9422784378 242.162224239
369.893191903 -92.7328476313 162.422234714
-167.947242581 107.91653642 437.301078825
-261.681809177 58.6143138234 97.9971884627
-107.11534599 -74.3696529461 61.9950512785
