-23.586398363 66.6742448007 -131.672473616
-161.657364254 47.6052139052 -117.78883471
-213.654648805 -164.78873938 -495.972313474
-217.914630276 -18.6671630736 -840.520807744
90.7830715914 85.7432879027 -121.659202111
145.544811094 -115.743750879 -501.533329055
65.0632295856 -18.353812935 -903.294102851
-14.930454966 104.55114875 162.536065486
-23.0783578681 66.8121841208 472.104336597
28.7604098139 -36.8460051757 567.017114611
43.7041174009 19.0541902602 781.837926908
210.338451477 106.224259551 445.420645146
344.759886596 79.1989632367 239.674415192
327.940067186 -79.5583173213 154.734803066
-206.323665841 45.9078440801 438.711516103
-259.518216082 -34.1635733716 154.590797868
-145.986751799 -154.261354539 59.2311269145
