-10.5244066535 41.3325080671 -140.351392117
-175.506940085 42.2840627069 -128.027883393
-184.87418919 -172.132895896 -505.734168362
-168.536164815 -50.0149256032 -845.052094997
122.972336048 40.3809562395 -129.652257631
123.799353118 -172.207023852 -512.008905989
109.347884794 -82.8576782857 -916.34578658
-3.1730835183 103.594261373 157.733805987
3.64898070638 90.1401107983 479.477026329
11.2217543634 -13.3300654746 584.548949856
14.276389059 52.1179877521 801.04063799
195.445127883 103.048789381 452.695336059
317.733078184 57.023710483 234.930470887
301.265968257 -88.1046383807 157.296856277
-180.594415182 92.4399900657 451.983139396
-290.548075397 45.5855385228 159.404682384
-188.42933338 -89.3006878925 63.9414324425
