75.3812044742 118.903218832 -79.9317206478
-76.463803702 172.279324172 -79.1459728348
-182.125828001 -17.7835824237 -387.84883612
-242.825902349 55.4660009359 -784.513268938
215.984150749 65.5271736052 -75.2816382248
342.334473104 -105.243596668 -388.418568656
452.141728886 69.9944232086 -772.974226216
44.0293659262 87.6848806987 174.710304617
-60.4005546685 -5.53258753705 407.555806025
-99.6582363325 -102.620757793 469.266952517
-150.090440496 -84.1632049821 647.766706448
120.325515578 -59.889363069 443.504228501
354.174433998 -163.319933995 196.181509182
129.490319565 -293.286187238 101.19123913
-178.063049313 87.2633190787 371.07972052
-290.935237754 172.296237568 102.441619668
-433.545805604 -1.20140542532 -2.73264651843
