-12.1915977618 51.3391075954 -138.911569146
-171.624280454 44.3698446134 -131.03162539
-177.216780794 -175.575821897 -498.391494703
-160.96008712 -53.2258925163 -829.746818303
122.117383788 58.3083754574 -130.52854746
131.619294022 -169.449101914 -502.54135603
176.632432992 -81.3893721773 -891.127281088
-12.4388354402 107.54133227 156.379632086
0.194481153959 87.8714423015 514.970143549
1.56709321381 -15.5877645334 578.319812627
10.3930933387 49.3279877216 779.140291975
181.266857605 108.816952698 438.891711935
309.030222049 71.5453375808 222.697214726
285.259480652 -79.0154354994 145.012702764
-230.729318045 82.109939066 436.517368964
-286.026981797 24.1634649341 147.543794758
-189.955797381 -111.874473969 64.9515901609
