89.8424981946 110.417079861 -77.1757857941
-25.1926753672 183.77122657 -73.6711177281
-192.844263231 20.1541301727 -388.186234138
-255.226536118 82.4914125578 -782.551638567
209.165965137 37.0630137958 -72.5063292258
337.876146536 -93.7371403483 -449.146203793
446.934280334 98.0499193459 -775.063724747
56.3739894439 73.8909018489 178.522736537
-17.089066794 -16.7409304865 411.437332579
-106.452455259 -106.046508508 469.428651483
-160.891125243 -92.8743862385 651.88776245
109.867596022 -89.1141537781 446.62303653
340.148926388 -211.926105044 199.478513992
112.494708524 -335.170061732 105.697726717
-173.11521252 93.8300163003 377.031816313
-285.129683468 199.226271678 111.590343128
-446.999060217 37.2199779333 13.5451469881
