69.6358931632 90.6294027316 -74.3279501462
-49.4979849221 162.857754415 -76.7580261787
-167.121830817 27.9944354243 -407.351734622
-295.162628132 88.1546263422 -814.402787401
178.6923917 18.4011233668 -77.4245015694
320.685354208 -72.3385203814 -473.619387616
494.32347479 121.929964211 -803.714440416
40.6245164549 55.5439785145 184.558034827
-37.7118415623 -29.1080041683 419.709681271
-112.841956847 -115.610094336 482.885193283
-184.627707976 -101.771002761 666.210451407
135.057162501 -98.1956866985 455.71863943
330.72868844 -197.337206083 204.802522663
163.885825683 -322.431873575 102.155835588
-203.527998567 82.1564720847 386.608713507
-261.62352421 213.033384264 174.618363524
-424.099381133 76.7077044833 10.8524437618
