76.2849427744 93.7326237268 -55.6754735639
-58.2655602651 163.018177222 -24.4976778778
-176.379977026 0.076829015487 -396.822867866
-301.991868473 48.2328959069 -790.027066368
215.904475929 24.4471412303 -25.2823123862
287.32221104 -94.7178302863 -458.336746102
386.983285449 68.6476797224 -782.268344543
56.5445537809 70.6409489738 187.022119288
11.0178080208 -5.10432170596 399.179070472
-79.6740831502 -90.9407324341 476.61416095
-125.903987853 -71.1030226903 686.905069202
134.945646505 -74.8481479021 431.568675552
305.162351537 -185.700386965 178.976726772
129.630624896 -305.337425399 86.1589574836
-151.021700375 97.5545857796 365.44477491
-249.770914881 199.437381902 96.2254856084
-407.632394525 49.270504357 -5.6397474751
