80.8035176505 92.9017127531 -76.658322898
-24.4793645836 176.146678115 -31.1345889312
-203.884991716 -5.62061788402 -391.935697047
-330.108312424 30.9877424321 -790.218349992
201.968013108 9.65685903371 -83.5216378428
256.438035195 -116.307540823 -468.80352964
352.643868498 31.9034963892 -842.404968328
65.5760513687 73.1406211368 177.520002208
-4.11567801151 -1.51539064835 398.771262508
-78.0834137842 -86.0970217356 479.281780023
-135.858283076 -67.455083069 685.482468793
167.594688245 -80.8454124541 428.908274467
339.166053433 -188.932358824 179.700979563
112.390047957 -292.555433835 87.4839596775
-156.328485936 113.177958413 367.102116508
-214.053605903 221.761335451 160.008433911
-361.371984814 71.6138656328 73.0540374002
