52.040107848 105.602780808 -121.136567776
-70.4992984513 154.272586984 -123.895782675
-243.789799316 -95.835819037 -429.172012011
-373.774153304 -39.5609449776 -825.945401259
177.454971199 56.9330122876 -124.061942671
297.620023119 -148.136781145 -434.300414125
387.86286547 3.76240847304 -815.760517489
47.4913343335 114.880194218 152.164579535
33.4114914271 51.6907513182 434.07087945
-42.1665783786 -50.0626158733 501.949112665
-91.7118578663 -12.6286366761 689.312957966
164.324759612 1.10858609673 419.876633068
336.089566685 -120.825513719 156.420194365
160.061382142 -254.722585082 143.514762862
-142.367160555 126.470317468 408.016436382
-317.63629696 142.567455876 150.077803179
-317.046493222 -44.3674061983 142.83576593
