-18.8162802893 76.003479169 -158.536840249
-126.680142945 44.2977175221 -168.284931687
-254.582255525 -140.962907549 -494.626163017
-427.613097131 34.6883497068 -883.534082903
121.493660415 107.709201059 -170.883266101
275.872901406 -95.6498375376 -489.14658962
281.718062365 3.00660642062 -890.86966932
-28.2976795176 114.07482102 127.164317721
1.71788187345 90.6748016433 421.615582974
3.90154700434 -9.96867441361 523.141518507
-62.6657374563 49.710350084 730.249954072
174.646254338 133.444374855 396.218140175
306.711473549 76.9725381331 186.583016557
207.174221128 -109.847536352 192.090770787
-179.14942317 49.1705757368 390.788537886
-223.49426071 -154.425879656 206.45683625
-95.1495381211 -274.268492925 380.491277288
