-58.7389978562 80.6776471342 -122.939260628
-169.052744962 -10.4414459685 -110.419298271
-148.352611661 -160.078328199 -508.766241473
-244.617895351 -6.21833004462 -908.317635404
53.9660334502 171.796777547 -107.861656113
305.990073936 -38.4763783892 -418.526596198
228.883149876 35.6476230822 -761.625360936
-79.9209345225 92.8709084463 152.918582255
-69.9641024349 35.4343807367 416.847478177
-8.91379132565 -49.700740107 524.720778269
-52.3056386571 -10.1260480091 734.479307291
102.44629327 141.945964763 450.521377941
238.196646142 171.964088772 250.045056921
160.123776716 -5.43502438412 185.520514008
-240.871963794 -56.1918396628 377.441117991
-184.077722843 -204.434416093 95.4755655666
19.6367063755 -231.649534984 87.6569195601
