-39.182686543 45.4850745613 -138.357324186
-134.397001007 -32.1535539039 -121.898248925
-267.368228547 -68.6416926436 -536.898987403
-465.104145272 130.912330093 -929.527483259
88.2746607426 123.123628595 -179.002110636
196.154192733 36.3440840915 -531.667588513
169.846257478 134.994296917 -951.54900835
-40.6352812804 54.2264519789 143.767662602
-0.763758714378 31.4770628169 417.997110882
53.4368312964 -46.2163630135 522.504516453
2.92609955113 0.373557329423 739.244128477
160.393961809 128.507495949 391.658480784
289.109013253 155.386413889 180.493273077
209.626078187 -6.13889881835 177.601816837
-120.702200656 -60.5578109606 399.505608124
-124.549978768 -301.946906001 276.646470723
-3.44495077613 -332.757461948 460.371104901
