-6.44613313964 -14.0429667792 -149.895969012
-96.9381839744 128.173784218 -143.321213791
-306.082184997 57.2510117575 -533.033145563
-485.879056473 47.5280795638 -957.647168925
64.1061486709 -156.259664479 -142.012738417
132.396870831 -149.107128638 -466.045798083
94.6461902828 -82.1725365809 -868.049574526
81.3950703756 8.84266118417 120.006376984
87.7087112617 7.28135481273 400.869670142
2.37060552971 -0.14057226787 505.012571394
14.165943712 7.5136647757 717.31804576
103.151862907 -142.044878823 370.219256483
177.056740763 -307.753511382 176.585945618
-8.78535721983 -268.934211596 251.862858141
85.0421427494 166.382152881 381.047816643
156.119416702 362.108681174 191.823389371
-16.7092452674 317.83436781 434.05992014
