-49.2325084154 29.6418240154 -133.42649896
-143.190693638 -76.1744426707 -138.292704255
-216.562520353 -105.72769534 -572.241878071
-423.116128355 56.0616321193 -982.791106527
69.9577333535 135.458063939 -139.451624686
193.626574356 52.4459479941 -485.643073856
164.983150927 113.731712576 -912.52987504
-58.3894811118 37.8450182099 150.135962712
-13.3334880565 30.961010305 418.918520913
62.3320873115 -36.6229684599 524.322130217
60.0074001598 0.574566062457 743.67670563
85.7860867088 154.492247285 382.722795872
194.044264366 243.766436575 175.033654736
198.177904478 91.8878182648 80.4315696319
-129.053428419 -88.6710015488 402.281771359
-123.114592388 -332.692974954 350.582053922
81.7877368824 -322.794384274 465.133937832
