-48.0621867627 19.1634090494 -128.067314752
-130.611405812 -103.692634171 -132.903983276
-207.150072514 -117.747934244 -561.676081943
-419.996790668 16.6499074689 -965.949761567
62.120665442 142.01937611 -132.920948284
192.624647348 76.8966603671 -464.635163593
166.84327762 117.271308506 -896.108479944
-61.2457304549 20.4823055052 150.679781447
-21.4693366182 13.2451047421 417.560705834
67.9338927557 -39.668407214 519.139832091
68.4031794087 -12.552760381 738.411860352
63.8237289562 153.311373171 392.032357996
84.7263568156 282.198281233 175.559618768
114.256895981 156.590536715 68.7267947885
-116.223514362 -121.454629797 398.387824583
-29.3330252503 -333.184777667 280.508685675
171.985393678 -283.020539812 470.554688733
