-45.7111573278 86.7165073155 -89.1141599385
-177.932536543 16.5825596105 -52.0212152899
-169.146183666 -135.560917816 -492.227020698
-255.794670558 3.72807235897 -888.000963418
98.3718268624 156.850468876 -48.0521347111
279.15473806 -51.2326660109 -412.077251682
271.928951904 30.8315531592 -747.525920459
-67.118058461 97.4912013466 160.967210184
-83.0485647028 39.9462963875 393.433272676
-28.3236741509 -48.6977341281 497.640695869
-77.9185900604 -9.67481598365 697.489543911
89.8141775638 124.309207753 427.455678127
279.55397206 136.040041303 234.378934934
206.009164276 -36.5875931759 168.55893838
-252.25430718 -31.0320708986 353.980232817
-202.876871485 -176.447684273 70.233077418
-5.86110647566 -236.968633191 71.0439471665
