-33.7889490781 90.2133919712 -92.2015738864
-155.635825302 38.9792386944 -67.0033180934
-227.4889252 -110.471928125 -453.677534837
-382.781161111 71.1754195399 -843.815739851
128.088091421 141.447514617 -67.0596658028
235.398801148 -34.268104527 -445.476960591
218.287228715 60.6060958126 -858.774628776
-39.1253646754 93.6477480339 167.584408537
-37.6686096468 33.449522324 427.515124668
9.23520033069 -59.0500468132 511.194970533
-31.4816490802 -16.6355560959 733.86002765
137.507121695 103.325405764 413.726729208
315.218408996 103.47357262 213.510628586
241.121978381 -68.0019677523 132.955247552
-211.885191893 -23.3327891068 348.015336353
-181.443220839 -174.234311377 121.081974035
-47.2370472611 -262.013129358 115.112268063
