76.6761100083 98.6904844445 -47.6060623899
-58.9792024093 166.565072207 -12.6993895609
-179.309601464 11.6118611826 -396.072543525
-302.57686476 67.391394216 -790.059043002
220.296809487 30.8159565444 -14.099134852
296.862346448 -80.7688451747 -460.581351167
390.231626744 82.9766321466 -791.920824679
54.7435089562 67.6150617672 188.76174821
11.2790753531 -14.7836445351 404.783368773
-78.3903903267 -101.421208187 462.232897086
-129.421981013 -86.1792090216 653.191241517
137.27923485 -80.9518062003 394.663687273
313.415095421 -193.339900862 185.245886443
134.201838301 -313.36455824 101.939612078
-154.5959887 87.5522778001 379.88952428
-258.099738377 195.917236618 111.226351829
-420.582649903 49.010227891 -2.13035909736
