81.5148359257 117.108580122 -45.5856233976
-43.8045136172 176.956095982 -12.2032244695
-158.384751812 9.54203118702 -397.061170029
-278.760162408 73.0153606226 -789.725638797
239.71103582 57.2611520951 -12.9923035854
315.029936611 -76.7479661476 -456.734748155
343.157166012 78.3654180898 -784.197231197
50.0652688199 73.5591370628 192.38224478
-31.3086450251 -26.1407224122 405.221231152
-94.6157273849 -118.80114794 456.108434211
-175.189980274 -106.533126641 645.451216916
149.892792959 -81.021481089 397.333881841
335.147176712 -169.180789362 196.592402438
159.626471166 -287.365835425 91.1594250951
-198.967745098 71.7697275197 378.774160502
-256.05579244 173.742030971 106.929879223
-400.092988621 26.6413914916 -4.98123606614
