83.1618362069 104.289687357 -47.8495204178
-46.1632502228 173.351607603 -13.8168816174
-165.076668452 15.4661556115 -399.563682776
-287.406606001 67.7094927699 -794.887983594
234.238253251 35.2278661443 -15.2397021091
307.882369094 -83.9676047669 -461.681702847
337.550815745 65.2928811296 -797.789949706
54.6454062528 68.5634202818 191.185919122
-34.3606311231 -21.013837476 405.416990155
-94.7591199989 -109.099166814 458.993676768
-179.755972826 -96.9579603722 654.077694087
145.350366618 -85.5385660255 397.013097142
329.765340447 -183.522221291 196.304549792
161.833449441 -302.544459258 100.491255756
-147.975166047 84.6809305939 379.632493249
-247.957815679 199.742459219 108.524530449
-407.924484261 58.0397640202 5.31141928577
