86.5549458865 103.056081228 -83.2566863501
-52.6818677001 176.085826289 -77.1922941134
-178.367656587 -6.58082892871 -396.703241957
-295.90341488 35.9819278824 -795.179533418
231.967616612 30.0264414885 -77.2267292624
305.492848689 -113.924911348 -460.49199956
398.545377432 55.4722813485 -795.738248752
61.0857944571 79.1060485822 178.225254448
13.8700314371 -1.06651430009 422.396871836
-95.3223616178 -90.9826438966 486.149692151
-184.262252832 -71.3976611271 670.381354917
143.322584262 -75.0191098732 458.134194477
324.512020052 -194.765475278 203.119785315
141.997629977 -317.800155907 107.488025063
-153.824255979 108.4335798 386.979516008
-265.551969813 214.20851439 113.331443436
-429.11669069 56.6733802045 12.8113421885
