67.6541539277 97.0421695003 -85.3256132508
-74.0726372455 152.724003086 -87.9995739752
-189.53673732 -61.6406859534 -397.749258384
-303.204718742 -13.2252268912 -780.360259553
209.665265368 41.3604098327 -36.9995691078
278.440375076 -130.825530731 -455.462386362
361.361293746 22.111554754 -775.412131582
54.2642118279 92.956502554 167.816311978
7.82740129722 26.7391240205 397.985702773
-62.6982719067 -67.1675116631 484.04184011
-119.187995212 -38.7489564721 689.722233604
186.399010295 -30.3609003097 430.260163145
363.216813588 -133.063787061 177.329776076
138.672805048 -266.397697314 87.4366703547
-161.048750761 115.032443305 362.93766448
-271.278888299 180.316779756 97.1572297571
-427.253236859 2.27595612595 68.9841157015
