-37.1855432498 31.2922757944 -119.856235542
-135.708772347 -72.1703589078 -116.413707897
-188.592543778 -124.699398629 -532.905267598
-379.077105387 31.6693586071 -934.363803458
78.9372520546 134.754943457 -115.62319786
277.328733446 -9.87958501982 -505.557379545
344.717621248 31.8663892305 -874.615083041
-62.8277922995 53.1600181312 161.083335506
-20.7017096776 33.8225487804 482.972899679
38.6939948543 -34.2779007679 542.477193218
-4.22320818187 2.98897238515 752.949087701
81.304617898 157.285995315 403.477394733
188.52143052 237.860501796 192.931256756
120.114347217 91.7783634161 170.818909133
-136.325831793 -79.0520238574 405.683070088
-210.501688228 -251.429878874 257.897513499
-15.7931429613 -254.951467193 183.844663425
