14.4166019416 66.3055339874 -94.6894176944
-93.7208508226 37.7714558395 -87.1191464967
-155.881180006 -147.560694472 -479.307070803
-225.110283285 -39.818545157 -886.5563015
150.725002295 94.8395931545 -28.5931965313
312.467258585 -118.230726079 -463.610891374
320.547403335 -7.46743878912 -813.273841473
-9.26321274252 97.758500051 166.627265672
-54.9854243646 57.1145642615 417.829994325
-39.7729063877 -45.0534169736 516.125140822
-58.4421065019 -2.47955718106 729.732704287
131.50454105 88.682357221 462.295257202
337.327136536 58.331623185 272.06324909
244.601016571 -81.6548905329 201.345088198
-236.357516084 51.1193874024 332.735479848
-344.619252786 18.9961739654 100.320778035
-328.05574451 -130.823330832 11.5249604088
