-43.940109837 37.3669580392 -137.236332918
-142.905292965 -61.5851513168 -129.44791973
-122.702127182 -155.502933211 -524.870289631
-296.922205082 -2.22981280114 -907.910785373
68.9734768939 136.319001593 -129.663871674
257.636049997 -18.4200996151 -502.814737579
250.475377079 39.3858104362 -855.927948686
-69.6252996322 62.9640698622 136.943233529
-36.8627522834 49.0034328039 452.626431805
22.7988389114 -25.8140035108 513.311272811
35.7638387879 15.8787225686 714.701501498
71.8041689353 164.162901471 375.044255082
172.021024741 238.730708764 157.514616802
176.81299674 68.7758059677 157.001993107
-197.35649612 -53.3681453339 379.093851184
-215.45042601 -245.544458369 190.121359306
-21.2876334917 -279.699592218 423.347946469
