-51.4351392341 37.0673117933 -133.985745437
-149.564981307 -66.6285536287 -128.048638436
-130.974890105 -146.255420241 -522.147263226
-309.398328476 4.68064721626 -901.955164329
55.2069264077 140.763116206 -128.496933426
244.732564042 -0.0658055473486 -500.146072466
236.328159884 54.1668419712 -850.681567526
-73.1874613933 56.9420482943 137.230316803
-43.1410067077 40.7134434756 448.160387995
31.150873756 -28.7914192565 505.261023918
38.6339090355 8.23591608558 707.301315285
53.4948512666 161.125364516 371.175683031
157.315211053 241.1897077 155.852524811
165.150296071 64.6020148148 166.593410676
-147.642962338 -67.1932245667 375.469921467
-212.273223143 -258.504760445 187.664809957
42.1334743619 -273.807743266 419.843627251
