-41.257429826 5.83172897597 -136.112597403
-121.095992714 -134.794848809 -131.4517434
-123.349680162 -146.664099464 -551.03027325
-400.151434384 -45.9996942051 -947.794263742
45.4375665282 146.458121831 -131.84808754
259.390620845 100.992596258 -521.833426904
258.478051879 119.974406293 -889.753552183
-69.3602521408 4.37227710273 142.50503192
-37.9477316823 0.20029971256 411.083060798
50.3584512989 -31.2012377803 515.221251527
49.7494454262 -17.9837812431 725.996736565
-23.244118329 154.101008471 388.861527521
-20.4589298099 326.894149277 244.748290202
2.66595569359 253.371317104 86.2104405077
-116.871061645 -149.041254732 382.244650166
51.2785003925 -341.441308447 268.866572739
176.118808003 -255.784902419 461.145681836
