-48.7740551733 26.2736627064 -125.195831929
-140.455000496 -92.9744816112 -118.935233591
-200.79802072 -126.040624733 -540.793093691
-400.393058203 21.9586112417 -945.113758878
61.8183442274 145.521868655 -117.231152242
271.635911341 25.4464252738 -509.846754658
342.67354661 54.0135826531 -884.331589716
-75.7956781209 38.4580634607 154.319004012
-40.888776528 9.15321560111 429.833003217
37.4914713453 -42.5762583417 527.233080412
41.8446252846 -19.7540714343 748.40336901
51.1932843007 154.351807273 401.688710552
94.7445626504 294.939337456 268.095374194
183.091885096 161.916880976 273.576392041
-194.828367703 -118.191811521 395.819516432
-141.560199274 -286.909538572 184.525932737
71.9212634569 -276.36215934 196.130362045
