-53.3129454289 38.6727454082 -123.890830946
-147.591791073 -74.4603820531 -118.508147564
-204.288222657 -119.765548385 -528.704272872
-396.514850031 39.0309292348 -928.007209971
55.7546653226 151.805870293 -115.680776134
265.259878034 23.9321819551 -502.575326049
336.834621081 52.8652917743 -932.129921245
-75.2614234396 46.8766186529 153.340869675
-47.0020995869 7.81630734063 417.584030375
29.9268228142 -49.4304513255 517.06641641
32.477714645 -26.6466590935 726.667724413
48.4091403086 146.923056419 399.771155412
167.94065076 271.185372255 335.982228345
175.602845508 126.90454485 282.510131545
-199.964517101 -112.487327553 382.425371625
-147.583282248 -286.39836847 178.563283214
60.6652470869 -271.276154296 187.781550418
