20.8928813425 70.124196555 -85.6352311716
-88.1747317014 50.2440636647 -74.67042298
-152.961308076 -139.855862497 -464.28606749
-219.787319388 -41.8733219871 -871.004545255
163.964134761 90.0043128633 -15.8312805833
314.736016747 -119.022434269 -448.885299767
325.171295933 -5.56770228485 -796.203906347
-3.57249630553 96.4242073301 171.637219489
-52.9016586521 51.5641172904 425.78162986
-51.4398672144 -50.8920653441 511.695765246
-111.651963736 -10.5650737402 736.054094669
141.766053912 72.7172819497 419.477203815
341.101671875 31.5734481369 283.790726431
248.181038135 -100.804991242 201.241952319
-233.378333739 56.3172201262 339.74402917
-340.082488188 47.8595231123 104.016406165
-335.98240787 -99.3181083834 -73.6157959125
