-10.3304955748 78.4811852918 -85.7555539324
-118.814776839 35.0301047556 -82.2297857941
-181.156340256 -141.908796557 -470.00606835
-324.294247076 -7.37194504925 -865.665245719
125.500722053 121.93226942 -25.1690572163
283.930713269 -98.6040865433 -395.175957612
357.24429648 -27.1947509832 -802.573094333
-31.4017099016 102.288419049 166.649150346
-65.7378266088 55.1154284552 413.993994508
-18.346100485 -40.9356810378 507.076561038
-63.0513642062 2.90270619948 722.090633827
114.226226346 108.359750135 402.542384363
300.800073121 95.7453124077 202.150120131
221.583332796 -65.6594406391 184.557591923
-191.646265 19.2779190499 383.492728175
-282.848325704 -59.1868996025 97.3967666962
-175.736218354 -185.738126269 4.01845706876
