63.9861118422 112.208278246 -77.1150617703
-60.4689348508 155.215402721 -90.5647317418
-217.896519695 -45.1303440823 -402.557116609
-273.636828413 33.7182661973 -788.505439081
184.520214031 69.2011519836 -33.5245838186
317.523926253 -109.948422927 -401.404953452
475.519759738 58.2710454926 -777.583092572
37.5486994762 92.129782526 176.573828561
-38.2564969007 11.1899644404 397.508624327
-83.476741394 -89.5284092291 480.623362361
-114.438773424 -63.9645812112 688.702627606
143.849301496 -33.745733176 434.350205085
335.584960026 -150.879166737 245.916796781
170.479323661 -277.757290806 161.145241936
-209.05621494 88.0833799842 358.654902423
-312.591172917 159.722268271 75.2915208277
-401.132544071 -11.5722048988 -94.9131896144
