86.8179711773 108.102248378 -58.0918098479
-25.0243597028 179.990752877 -66.0845236082
-191.030496423 33.6228381605 -379.777217612
-246.382218714 102.445938982 -772.348692486
199.925133418 36.2138105519 -13.6977904093
339.317500223 -73.7447135521 -449.010802064
450.32548041 111.221639153 -775.353074944
51.3152166012 66.480341608 184.410152443
-18.1202014942 -27.0087946799 401.89257573
-105.925467061 -114.001628128 453.759725073
-161.725489977 -105.114191414 646.949132822
107.75848618 -95.9378269502 393.868112202
339.540613641 -212.049109415 198.183435403
113.372947995 -333.816136085 95.1377722177
-173.557449951 82.0303921252 376.132794452
-285.641705852 194.582667789 113.212089401
-448.758239766 39.2908230986 3.41459373146
