71.6000590533 115.63935547 -46.4920676809
-74.1354543413 167.164779229 -23.9434690371
-174.35380635 10.6596100675 -384.940210296
-228.632290436 95.7808929127 -773.489991198
203.308376942 64.1139870525 -20.633768326
337.925179393 -73.0692654489 -394.325270671
448.394847229 100.903448759 -772.303638843
38.3641614949 73.9183347378 186.66881283
-60.6512503639 -24.7706564439 389.485597572
-99.619180091 -117.219659708 446.073921159
-148.395708799 -105.595355955 621.27814932
115.540271177 -73.8213095689 425.004517171
346.665210962 -161.722223444 180.598274739
128.661933729 -290.703315322 84.5533107256
-174.691486016 65.9468945437 354.895554944
-284.467028074 158.227620488 90.8020347893
-435.168795056 -7.35223051993 -6.88331297232
