82.2133769839 123.240837357 -74.401803803
-26.3503340837 177.397204364 -88.5088208322
-184.306546199 -19.6237251741 -400.087979834
-244.25561933 48.4457825304 -788.576004804
207.415482491 69.0845011205 -33.2509123658
335.308193306 -105.752033415 -393.365763481
436.94264867 77.2909846407 -709.182229257
47.2231315332 89.7824012608 176.96929566
-12.7389916281 -6.30318380601 394.162559012
-99.4987346643 -102.55150617 469.255656809
-144.570125012 -84.0737569604 683.730739278
117.101752085 -61.3321453501 429.794896196
347.209240419 -163.098958822 178.337201586
123.863597524 -292.404259946 81.625077082
-230.241518891 86.3872858808 357.317839138
-291.61406028 166.177953606 85.4091906864
-433.763719081 -8.1632260717 -21.6501644304
