-118.130304075 66.8369396388 -59.9524097159
-206.94078395 -58.7028628014 -41.7268995375
-118.687810126 -149.492551894 -402.338721378
-210.147897186 -58.4212595031 -901.716810213
-32.9052975094 192.37689981 -40.8907263258
151.591452271 82.2042281306 -325.709153606
119.549773073 103.974410719 -765.466381377
-82.4202035601 43.8940007788 187.438197171
37.2492683649 -20.0495749071 425.77544213
122.344350861 -75.3616468046 467.93597611
177.983553153 -63.3418390711 649.776499217
112.844321935 127.339281073 396.034363068
76.6992995457 270.902247976 142.031255861
156.378117252 143.890694064 51.3226755602
-110.731141727 -139.232888007 396.832438897
-192.759269978 -245.382816211 136.351292756
39.8764149245 -248.922372048 46.2259941379
