-130.787713287 85.5775486007 -33.0119778808
-229.834028068 -34.9372411289 0.338405362678
-134.854607424 -133.733176616 -425.655607404
-297.387373287 -19.4168992701 -859.68636499
-51.87352518 206.092456894 2.15644010523
140.977037051 101.170965631 -345.693439925
104.208525818 145.746857361 -731.070013087
-73.6842466143 43.4844655698 199.172624123
37.9980230974 -42.0995411884 401.969424251
141.3952205 -99.7824301806 441.313219679
238.299003387 -96.9151599148 623.989061945
116.3361237 102.837090651 381.738511875
143.195585149 257.221751819 181.94580742
226.976248809 135.435373647 24.0751453993
-107.918641848 -150.7574518 380.292277855
-206.115334331 -248.981370236 118.076990746
19.9929631587 -273.236048093 9.29831498645
