86.8538936295 114.750611923 -81.7467184772
-32.6130308337 176.13015066 -85.7641240934
-140.121513244 8.49063052876 -408.755115208
-264.844713579 62.8388507916 -814.932199323
211.281164613 53.3711350695 -83.5320472672
348.875691224 -93.5594006732 -404.448422078
456.574947406 96.7298319212 -720.000182099
51.5099594731 79.1283568612 176.068400348
-22.9805878125 -12.8853953096 413.799463769
-108.792953975 -104.404852428 474.9782106
-162.929209324 -87.7643716813 662.651275639
108.744454029 -77.6041933645 452.012760717
347.533802333 -190.893786536 196.244487597
114.19646565 -321.125704294 87.0811704866
-193.418022395 89.5318186433 377.521284932
-301.642121032 185.441013515 103.241535741
-468.657327047 15.561315246 1.62525139555
