-231.50093762 84.1354575644 -113.106990937
-268.987205264 -33.0904288248 -102.157724834
-69.3681683034 -234.447190585 -437.478521446
-316.048748691 -146.381695582 -864.713756423
-117.472717511 201.361412106 -107.625311818
114.256573979 48.7683529847 -300.078203273
52.335986374 44.5407948593 -721.11522173
-139.92184645 54.0102013689 155.044967163
12.006862166 5.70318134206 413.088730561
133.166463707 -34.0750336788 445.515549678
196.326223462 -17.9012922485 621.497403021
19.8103010782 137.287325305 380.379287091
23.1359712959 236.650465307 135.577401731
43.4056327782 68.7019232474 -10.5585023017
-62.5007830785 -114.746872697 386.489605279
69.5146736324 -239.723035724 203.46365302
303.585398265 -132.610132743 212.072915669
