-249.263052678 146.449623202 -128.449831794
-313.042952406 37.2104376462 -120.398414766
-131.291644387 -194.085430387 -440.844922903
-308.99621744 -47.313981039 -913.072644427
-155.952993497 255.6888998 -116.200504771
53.1177535063 89.4181932958 -361.77897626
-9.16102831961 179.961287671 -778.805689432
-148.247276708 77.6009003322 129.753826174
-39.6598910649 -22.6986263083 327.14829886
82.3218417139 -76.3296440892 388.887706325
132.27408121 -67.3594477263 529.166609097
26.3996993195 100.89993981 309.714106214
270.373797474 162.544484863 321.017288628
328.074938438 -55.3802099718 299.54906196
-120.984237263 -125.495504062 303.481331992
13.3753009723 -328.785980963 206.714951336
255.473393671 -243.112280637 281.293151253
