-195.409719239 145.232033239 -149.803547468
-281.582694838 57.2725359802 -144.744185883
-105.258137967 -204.198926845 -477.17327518
-283.371579097 -54.0049723095 -962.185884005
-69.7032781972 233.191699745 -145.102551193
83.7165984721 2.19796000328 -400.421441351
22.8410357011 110.826292944 -823.929229893
-127.464272582 91.5157956758 126.145694013
-23.3660824352 1.59225995892 371.082982415
70.4613562995 -58.2442559789 426.31810574
102.798283951 -36.3628570864 581.624140941
44.5275725215 107.088612362 348.480940935
161.8445794 136.774038511 256.007072675
216.769759982 -59.5361129561 340.514310607
-112.288743716 -86.7388623201 304.537038161
27.200191739 -279.81282999 249.120574162
215.872494641 -194.945744029 344.28352632
