-154.039602829 178.051578074 -160.907983737
-227.086742029 110.392133891 -151.950515185
-113.174896529 -211.035295574 -487.63390361
-277.526427326 -2.70376417062 -901.419693795
-45.2369501537 245.711172668 -155.520795297
85.6009382172 -48.1382679339 -469.840136302
24.8752006555 122.086163623 -768.500000602
-100.840250248 120.827221269 120.180408125
-24.091301396 18.7390001544 364.593562226
54.7884078889 -58.1904429349 444.333847531
95.4211170809 -23.7707114714 622.597164312
60.3226813126 106.045384861 333.456048569
230.652930815 70.2651163922 234.570208698
212.183971541 -128.474585031 319.912280222
-164.432534808 -53.5629393838 343.420973127
-49.1639215391 -266.02412247 238.044088188
191.655934264 -237.726655009 319.993750069
