80.0211722935 87.7544016909 -50.96843668
-32.6247583793 165.030631392 -66.7880825708
-149.403330954 51.1539144264 -395.364200245
-272.923729245 107.884426157 -788.830402779
183.245435301 10.4782444613 -15.5661984486
320.945837565 -56.2691817842 -457.637174535
496.460040399 129.378965985 -769.273039227
43.8359238212 48.458446496 189.171306186
-32.4673845886 -34.3722958374 406.018611849
-123.583277989 -112.399142618 460.388498171
-177.328556379 -102.416604203 642.692429778
81.8112748961 -110.322337007 442.016989564
310.201962868 -214.34807838 195.090995709
84.3672545811 -323.679688011 88.8084575952
-188.824314352 79.6789352881 372.552604387
-235.539191476 206.863538002 106.614715969
-387.920540237 67.0534976135 4.92258014005
