-80.3688411349 43.1104063074 -124.030949081
-175.757625032 -81.9834553795 -130.486762703
-154.734199722 -131.50929735 -583.750068534
-267.071396445 -27.3208974667 -1039.29091714
3.64252630106 168.204424846 -121.907224419
116.70282684 98.762996484 -504.196664656
77.2680161407 150.44660493 -905.579736619
-70.4585490923 35.2415569152 157.40854101
-1.77038682373 -5.38020525578 434.539534703
86.4031880934 -59.5814966805 501.774178198
137.487693921 -42.0263194502 672.918743494
79.192422709 142.027660079 407.517475435
134.849168082 290.044596447 290.703158401
276.004081382 145.184074533 315.429378112
-145.614540011 -129.145484271 405.717501786
-160.588512105 -309.937925367 234.160543558
80.3899247986 -308.782050486 314.361599318
