-80.194225194 35.8357271845 -127.807107762
-168.55431569 -95.342462568 -131.133933085
-146.8884144 -141.475744178 -580.951284049
-260.186423034 -43.7117734908 -1034.63631263
3.9737618355 167.014073831 -129.606798154
120.891957645 105.495785225 -501.26940811
82.5492366632 144.406417698 -901.617172454
-75.6482003578 31.6517229836 154.246900887
-1.42165302709 -2.83971697345 433.466719017
81.8933923418 -50.4532446584 501.493064377
138.232195829 -35.1554486797 671.702411404
27.0117325716 149.07231476 406.659874629
122.767599105 308.835318023 291.382650292
278.388389625 171.167752381 316.517820842
-141.502654885 -133.719731788 404.533410854
-152.120755934 -321.78140097 234.002443557
96.8593437387 -314.337590649 313.917084754
