-95.208844219 28.6653714212 -109.498588791
-148.892219992 -108.013477698 -104.139039957
-119.186986936 -154.887118536 -485.091507566
-290.69269378 -68.4779115251 -979.532764658
-35.2910298234 165.344371342 -105.918334301
138.042755651 101.659326649 -460.755367329
109.243764409 114.826628507 -857.586530539
-83.3418664382 28.3314409388 160.874711448
-25.431142928 8.4310100525 443.189858959
98.9561635709 -27.9515910784 492.554009371
162.046063896 -12.1515013485 676.254880718
43.9370933776 160.453949331 363.34834144
70.9609495392 300.078424819 162.93006896
220.883817617 168.61941947 230.047814732
-111.085343756 -131.577976315 417.551058834
-129.36253518 -312.304301925 236.082519502
114.827507953 -287.004456946 250.313067078
