-116.277241644 40.594839884 -93.7351622812
-201.065018863 -96.3525492454 -80.3741038531
-115.602563272 -165.248448458 -459.377885443
-212.188885355 -81.7402169438 -953.567140217
-35.9385260723 177.542385412 -81.9789308025
144.289837188 94.8822839264 -437.034907735
118.003277116 104.572295101 -830.467193179
-95.8227953756 35.4861151284 173.343696682
-19.6608168107 0.703199173837 452.534813666
102.160587641 -41.7535366188 493.412174154
167.87171418 -26.3617506665 682.912896691
43.9682338946 155.548440298 374.060829272
63.8575711395 294.958849424 167.478857623
159.249961438 157.665055102 158.999781128
-106.443528887 -137.977905082 424.540318673
-123.588825135 -292.244319141 181.803135862
117.247569505 -256.129581726 175.75552496
