74.6488109953 93.6409984321 -52.722526642
-47.2243173562 164.173698677 -31.6713504033
-168.508073171 23.2040381448 -441.369432004
-309.517294655 70.2625952129 -866.353239965
184.714073556 23.108325953 -30.8048657008
320.247880701 -76.1924653283 -370.205067476
438.982346502 85.972016558 -762.944052652
44.6497911588 62.1903824518 186.532531484
-34.3561658886 -23.4643212192 400.599750069
-103.438873988 -105.741144564 456.033693083
-186.054650016 -95.7711467016 649.854523782
141.56363132 -91.1536303615 384.001560451
333.520509829 -184.309857189 177.276544033
159.994639341 -308.106467662 71.2550816298
-150.110387195 85.6568143112 376.333149965
-257.007497794 207.329777013 155.393315488
-426.244695179 65.4132111574 57.3228286958
