-111.996039123 38.0156236855 -59.1982968922
-186.730167177 -96.9015652068 -37.8203831948
-98.2039806381 -157.043624653 -400.751333167
-253.275256859 -68.934374582 -878.305621743
-30.5547386386 172.932917141 -38.1154495353
161.512852334 101.45307185 -375.115685544
138.482701254 110.964298887 -759.132034858
-83.3530655286 26.1834375173 186.471633526
3.61872711097 -14.0880781303 426.039518519
125.24526457 -51.4537079047 469.359143303
198.660198623 -43.3434007336 648.501231395
60.4823179788 138.616643791 396.80419544
8.15066754255 295.465688698 145.512640154
98.3197175501 187.148209411 45.1477537251
-79.7571734818 -147.170781388 403.62575156
-157.284292278 -269.639036104 138.13939098
136.578426723 -243.336409311 51.4965047243
