-176.120922049 175.985000225 -34.3543118204
-242.777284639 83.7924796493 -0.733002336599
-116.681165368 -202.679728229 -328.191504997
-274.966493949 -54.8496826337 -791.76555251
-64.9166336805 268.177655742 -6.57827330948
137.301680251 25.3126386464 -251.510580275
90.121076779 118.181415396 -657.017536018
-91.6401568768 90.8092417329 183.765231375
30.9288851094 -47.9405921589 405.888694976
124.204491961 -122.775678357 392.076327826
212.800740384 -116.626540781 560.868246691
110.885286667 71.2752504747 341.761474087
135.16467572 168.989112543 147.691143078
200.687101334 27.1974453816 0.248176909571
-107.321949203 -127.081527421 340.815730986
-133.70815601 -190.076677095 89.636084347
22.4822366872 -214.46850198 -63.4610417781
