-149.467567622 42.1738981848 -46.442858051
-228.705056884 -99.4949673812 -18.458289177
-132.366208803 -154.096072035 -392.133841112
-306.521050097 -64.7236072341 -882.312682568
-77.5626237173 183.84289612 -17.9674533006
131.266267851 129.262484938 -364.192569582
97.5051634747 134.837840906 -759.007082577
-89.9125593032 20.8316276862 196.914639605
33.2642190947 -30.0362676044 442.2050179
153.131343946 -57.1416885153 461.188650843
236.539262454 -54.9373245351 668.536797178
45.525439987 129.767172854 373.959930335
45.0527687701 291.762628254 170.806014215
138.344720061 203.345459766 71.0873353156
-47.93878985 -169.211306505 369.804903063
-54.7697107373 -285.518995367 98.1114751233
120.365598451 -243.802149676 -0.306391046423
