-155.376976272 33.4952533641 -57.0571791132
-231.476391014 -111.793708921 -41.3928573955
-143.371185048 -158.705391921 -414.730609519
-312.709622276 -72.5206485675 -911.31154629
-85.1435833169 178.784362709 -40.7351984285
124.519225279 136.488673383 -333.352890857
94.4855288175 131.015450711 -783.580123081
-93.3613924617 14.4700221519 194.426891427
38.4009492185 -21.8114124615 431.773096584
157.434992588 -46.3699556796 467.951722152
234.61473512 -41.5914344301 652.172924415
40.530135473 138.590208907 403.177328906
28.8391619617 295.937100005 148.930959692
121.429840183 218.223759378 42.2658278263
-39.6150236454 -168.146386037 402.405334013
5.75977229052 -301.193701094 148.309794267
123.736457018 -245.584088148 58.6870051758
