-221.629112077 113.489180976 -72.1080257863
-264.281091797 9.26995975762 -48.5617437565
-131.921700064 -230.510861003 -395.354612767
-312.548143841 -132.711562635 -881.141517556
-101.222989682 217.708535749 -53.5406349693
121.532236076 34.7423103896 -308.981152726
68.0624562086 52.0781048531 -681.008032178
-125.40928214 68.258512172 174.277783265
25.9017708112 -9.71051280722 409.214943553
139.90203357 -58.0368885625 431.701107827
212.805739254 -42.7221436231 622.466972036
38.9440408967 114.197884039 377.828472662
32.4211549976 199.311427838 122.695095155
41.2434676521 46.9872352367 -27.4144790355
-53.7612030235 -116.696302252 388.584827794
71.0430365559 -213.42179445 135.974303066
251.781226102 -123.206596824 129.876435073
