-241.072798609 103.215532045 -92.7296792895
-281.847833302 -7.10470616956 -73.8441361075
-142.702221205 -237.995787205 -419.125046394
-265.960627079 -154.471929742 -911.385169966
-122.1257099 213.535930669 -78.7581609777
97.0473173239 48.5208092125 -333.964912163
51.2454783804 51.7652937992 -710.701498904
-142.290612347 64.4410051446 165.537623863
8.64983818093 -1.89708766863 439.846344112
129.713162337 -45.7179219525 436.809401676
204.043932118 -31.2902525806 608.360220632
19.316309863 126.209487507 368.429262957
29.601134194 221.888890634 163.266129724
99.6829561977 54.3486409777 21.0650712331
-68.8623515964 -115.367161849 372.517629674
70.556501527 -235.695137656 176.037811997
301.355275485 -137.109258913 178.406514476
