-145.244847869 8.66211499567 -100.913903396
-194.282979012 -140.436436801 -105.49580402
-234.844124921 -169.948370891 -546.430321513
-299.977786995 -99.3066634573 -943.585981691
-102.79044986 157.760674674 -106.765632205
75.5212205452 158.637319712 -411.83152264
57.7930234756 151.391600659 -804.555535147
-103.331034919 1.92339957002 173.964776704
1.42577593989 -0.569255836756 449.210905559
125.802898879 -26.0762440657 494.790153794
199.028171062 -14.2983348386 679.651528768
-0.502748084606 157.65046844 418.672620727
-12.7639771303 307.877202307 160.924936298
96.9680895321 228.21063572 -8.90862454185
-68.5975034179 -157.809041117 422.402843301
88.2352069082 -328.657545729 247.468091835
394.788082044 -242.675074323 326.559739543
