-122.130905065 16.2776312283 -111.194626543
-199.645075153 -130.022743276 -117.72739303
-189.542136939 -164.842265713 -581.211858335
-311.217967417 -82.5338851591 -984.305282324
-48.9930251718 162.577969336 -117.20403711
79.8957931637 151.996772033 -442.584770606
46.9128761269 156.004629176 -844.528171586
-90.5286692253 6.15578363262 169.288260281
-8.23135806777 1.00824726355 443.884334441
115.689216747 -34.5808605873 500.593726983
190.086116581 -20.3316193524 678.819674817
-3.99005418618 158.442300229 413.384402437
51.9551580102 317.090033558 221.350760435
88.0399424748 221.35533004 -19.7423895076
-84.1468315365 -154.400661259 417.918627232
74.5465213331 -350.623380815 308.390827147
314.330040849 -265.444571925 404.462193354
