-135.363394164 44.8074103487 -119.174728375
-228.0384973 -81.2885015018 -93.0017281892
-220.657437738 -127.496913843 -543.017534043
-340.50170206 -37.0563290875 -991.665958747
-62.1562543389 170.903436664 -143.93084171
43.3062662181 132.428253605 -526.348592183
1.20805789507 166.852874346 -922.670378417
-97.3845660224 33.0419454902 147.891071421
-40.7445950877 0.106944918851 396.096455487
86.0226649148 -39.1917900887 463.350443447
146.446021726 -24.1296267166 627.224675628
33.5553260908 143.789955422 368.533459099
204.499075118 253.899978102 261.474651394
294.630467284 75.2391379505 354.520769083
-123.755266933 -135.23672573 377.779443603
21.4466976546 -353.283164545 271.42257545
270.761841558 -271.238790779 370.615636294
