-176.441238823 142.376932397 -159.400428407
-235.687362866 61.6635600937 -153.856815758
-116.427075782 -221.507524021 -495.08435258
-301.499748472 -36.1756180203 -925.721172842
-63.0062274676 223.090447614 -156.783311298
134.162770877 -18.8809336895 -480.34747887
14.7554216549 122.040213833 -848.660389529
-117.49092686 95.9610367014 126.154113079
-33.672547465 11.9537959562 383.987647857
64.5380888885 -51.0971393766 447.398322482
93.380518408 -24.7261504198 601.539328474
43.6208779787 110.134099732 353.065709095
160.469510973 122.788698263 255.283234566
208.1411274 -73.891420461 341.648429555
-124.539902637 -71.8609128539 356.448342086
13.8651087345 -270.320026375 259.756874458
206.437528799 -199.494267817 346.311402961
