-91.6709052643 36.7814617411 -101.918574314
-180.474962331 -91.805456381 -98.8166186768
-159.760698695 -145.332585235 -540.77449832
-282.196550565 -26.8796540808 -933.228509505
-4.73813627974 165.368346322 -100.397754692
164.305370043 94.9425663156 -469.032113979
70.4642869488 132.217191143 -858.874707193
-75.4386737497 30.1122515597 174.972451632
3.13437348685 5.26280850911 458.890936232
104.340223367 -52.1235825254 514.51539698
142.239271021 -29.9043457849 696.781803377
72.2315088823 150.700199124 425.525125982
84.3569358114 279.743585629 165.279632528
112.761112216 142.064036025 -8.1460932572
-94.7393518236 -128.628152686 432.625379566
-85.4555830705 -311.682125199 259.055521151
157.872424392 -271.307677911 340.692573533
