-100.558989952 37.2144621949 -103.217710925
-186.027991187 -93.77570512 -101.465786419
-162.984643494 -151.66517217 -482.116858259
-282.447506581 -37.5378372232 -927.356140557
-11.4856490952 168.204571541 -104.065286
159.578197352 99.4341002989 -465.887664902
64.8797941374 135.888964626 -858.392368405
-81.6448265612 31.6536832703 172.762585062
-1.07979469223 6.13878979676 452.838260652
103.043046915 -49.3532219771 509.661934106
138.115919323 -28.8779512392 689.588057514
67.6185011021 153.68813975 419.288305027
82.5802563454 287.623863857 159.420267074
173.994480257 157.397633152 -12.1122969516
-98.6822063799 -129.981689163 426.671893509
-98.4534240113 -319.074958271 252.947652689
154.394066972 -292.794585544 323.502040228
