85.416618809 92.1565892834 -91.6674756904
-28.9242358901 174.540734206 -88.3514594768
-204.593371506 1.05573893133 -398.990642868
-340.472387825 35.38596047 -788.154593366
201.486696949 9.77254490608 -90.1386305206
320.666574551 -104.775201323 -472.870387428
436.756692314 76.2544749567 -787.625475918
65.3852746308 70.2610654761 171.216371679
-4.09112964282 -6.18929827649 401.96922436
-88.5538699677 -90.2951674138 483.538570966
-146.627996114 -74.3771144184 694.506852645
162.687950405 -89.2958416348 433.479819812
335.627248142 -211.30906918 173.584976473
105.757137716 -334.57297621 87.8883412952
-165.026527939 113.365882142 377.38299476
-227.070764966 236.362669005 162.551205255
-446.175886221 85.2178716377 73.9491604861
