-100.386637473 37.2828903153 -115.878224149
-189.543208795 -92.5585729184 -113.474880566
-168.523284327 -150.179614876 -504.192090659
-292.062288505 -39.0954609918 -961.724945004
-12.331593347 167.124502511 -116.833202484
161.916383736 87.9120101186 -487.997659674
65.4252495508 122.85319317 -889.633137468
-82.5995894851 35.9183299626 161.979934155
-4.71658872401 8.09231147062 452.639082839
100.127699941 -37.3777336204 503.626873175
138.318887411 -16.5917038567 694.001412001
64.9280294126 156.705646836 369.868978004
104.954782416 276.863917986 170.922665517
192.487560714 121.277673973 242.083987932
-102.926396434 -127.724587486 426.30664091
-106.038622698 -309.796354855 246.122789615
148.111089637 -269.097213474 256.330522496
