-140.174626522 102.166093713 -40.7497571968
-248.241253634 -15.9163469326 -12.3882755184
-143.477864844 -147.532120174 -377.896375642
-243.06861042 -34.0059851596 -819.562675268
-53.2901787836 220.248616684 -11.6307100124
132.781518705 94.8374816898 -359.399110658
94.5012636004 139.11788297 -750.066693449
-81.7297040435 58.2453822933 197.077046879
34.2470391809 -37.5600413668 444.879769101
134.202360322 -102.373957813 446.73501747
229.401660495 -97.177330474 622.551809791
119.104169011 105.190152654 374.756125076
196.560966158 237.473073868 169.57638393
221.520120431 97.4665673094 9.06547015564
-124.146024923 -143.881425519 374.42503401
-222.726712914 -241.676722494 105.941722907
6.83390798075 -265.25061895 -6.74749683656
