-144.472759416 91.073219276 -39.8309979104
-249.673069328 -30.0610405956 -11.6261997835
-144.636161378 -146.130751461 -384.801919795
-248.271873435 -36.8644382371 -833.172330662
-64.7997505022 212.207569954 -11.5268997836
133.501665693 94.9737004917 -365.809722727
96.9421263647 129.61402363 -762.431802044
-84.3713242491 51.3696006938 200.572482887
36.0847611219 -37.5260990842 452.831469452
139.562214504 -97.0436015991 454.078509197
234.788841565 -91.6290477235 632.904880216
117.498194917 108.530473057 381.751964736
137.226425183 250.903848364 171.867250819
221.126777296 127.377907622 7.31391503298
-120.627676563 -149.352070907 381.076696619
-163.266067795 -245.557095029 107.174313595
14.1058069075 -263.440516921 -6.65749574281
