-152.245985221 86.5835628845 -38.1397931655
-253.032950383 -39.8648216794 -14.6999211268
-146.882309432 -144.683207248 -385.000485282
-254.529476572 -37.5728421633 -836.987582903
-74.8353466302 213.032058485 -13.1897312945
126.542989445 106.901118305 -309.095930711
93.1482058691 127.614552598 -761.54043683
-86.7370412724 45.3273091466 200.702109005
35.6205854664 -40.0255097739 448.518330395
150.41505071 -93.9953727307 448.125673327
236.098893567 -89.9768947877 627.535318045
105.967942073 109.989444022 377.920306828
127.146889367 259.113934295 168.337842701
205.528490875 146.161962707 -8.03089468685
-68.9895674382 -157.386417765 376.529140271
-153.470775612 -255.506131186 102.815484774
21.6864294556 -266.843979779 -12.5969261268
