-193.49130524 165.397667262 -63.6095318039
-264.296720244 71.6209781947 -36.935574842
-128.228021562 -213.762037975 -368.872862407
-238.645053939 -80.8803116203 -851.876361436
-79.9341124093 259.174539554 -38.8640526759
123.851195744 14.9345426645 -292.917805802
73.9480971014 87.3418027526 -713.814840651
-107.04434451 93.6871288012 176.573231457
25.8517569123 -28.2116595884 402.234822935
128.167229741 -98.8358460636 417.905533489
207.560325976 -83.7406421707 610.258859253
97.2133313843 90.2392452339 332.722324892
117.134098393 162.685094756 131.871796579
119.673053307 10.1163834564 49.8656445026
-73.0990056281 -116.39634408 381.822641016
-76.1700379248 -209.774810033 132.767472893
95.1410929922 -182.164340125 53.553922748
