-164.55177701 36.3556658867 -57.4855628798
-252.56246916 -107.145628252 -34.580721129
-149.75583678 -164.109258757 -419.036372996
-267.08083319 -75.779918302 -866.43043419
-97.1006096597 179.856958123 -42.5936558447
102.128107462 134.181700596 -399.602889673
77.5512265024 138.218155358 -797.944647959
-100.526558548 19.0796253335 196.105503744
26.1785051306 -15.7314414886 438.338197939
153.112525603 -50.7970749854 472.986541679
226.052121913 -42.8410490955 663.111665159
80.7407068752 143.141015764 408.4635939
24.9445369844 290.792172347 143.483261072
110.657225369 195.292882968 -30.2938938081
-62.8175409606 -161.517490668 409.702034572
-2.98538035496 -301.331791981 154.615305895
184.050239944 -243.063635534 132.922877635
