-243.128803428 125.466284814 -154.695574192
-292.781379196 18.0906371567 -153.289651398
-146.195368711 -213.571388545 -512.962609339
-284.7843975 -90.8072582285 -973.272913237
-126.337297336 232.842112987 -150.179961345
41.8728954569 51.3690104725 -425.623272055
47.1323838425 113.803013902 -822.981667548
-152.692309374 71.8167507643 138.275381581
-10.506852861 -12.8896091497 415.123145175
96.6898383887 -63.3144895872 455.902587759
139.902272341 -49.6302851161 637.965485613
12.4464091568 111.631958499 386.330485833
126.975328907 193.307183046 272.594426314
264.388206068 -3.46573091185 303.458144461
-93.9365343891 -118.374355058 334.162229391
56.9954889488 -282.936662702 212.908163073
264.828845484 -185.83195709 303.42195775
