-205.281485887 148.376152681 -167.344186606
-268.932029135 58.6516405362 -167.428168532
-132.627304465 -221.238733082 -523.307994875
-260.722880603 -72.8310108219 -974.017639335
-92.0117709968 238.100893336 -167.700613126
61.5908888561 0.909921009973 -504.084524413
65.7183119543 111.037635115 -831.836246741
-132.460791854 93.4093998535 129.838770799
0.357380430565 3.5986648069 396.158724057
82.9674190359 -60.9034221286 457.86293465
145.525616916 -38.3561409481 623.862669224
29.7117177073 113.99147046 371.602028619
147.799074588 158.562600212 261.876518261
261.359075728 -40.6368364286 350.191143936
-136.822869916 -86.7328979999 368.159775867
-13.5674702903 -279.92585412 268.27982586
192.622259383 -214.991805943 363.398415376
