47.8390609716 89.1148937168 -87.6452453588
-80.6671400929 143.251408437 -65.3217472042
-247.737196384 -70.1226327589 -436.446024656
-392.973832915 -19.0761663642 -832.967437249
160.486876822 34.978400191 -67.3838505101
278.923048206 -118.405709343 -443.990937923
371.659189681 31.7702215861 -822.706394473
51.0597786474 95.4805985155 166.693819064
26.0581904924 35.9308311201 425.765229962
-28.2107588832 -58.8054661358 492.000719798
-45.6939573135 -26.0878983922 676.647452368
202.984179932 -19.0587841051 402.859959598
317.498205283 -132.575525123 143.584491671
142.431750006 -259.186850925 121.765819148
-145.851644832 116.096853117 401.999070933
-258.183678771 158.845072069 142.648521804
-328.933990139 -15.1258439132 129.604947117
