-195.818498516 124.32235831 -177.31292203
-257.310345361 23.6648788102 -168.558813516
-58.597138022 -244.415279428 -519.811202281
-243.360477242 -98.8002708105 -955.723617231
-86.9315927675 224.979978488 -175.4683776
128.131339704 -5.32390955777 -497.851655721
72.1504427706 89.069949291 -817.290041376
-142.828546875 87.8465846377 121.414295301
-58.2335304495 15.840795031 381.671115587
49.5686139422 -43.0242477341 467.896312876
72.079121551 -19.6962001636 654.130903996
18.686464326 132.57715278 358.44103885
142.871121162 189.529916467 301.553162339
255.914719719 -8.87954497282 333.374347393
-149.738573238 -84.8959003692 351.376573684
-14.7584970061 -281.417704311 250.409015064
179.09694504 -203.545653652 342.179830755
