-100.211198984 36.2547041484 -129.449554631
-190.522479329 -102.113834405 -127.503267079
-106.660473068 -157.465906985 -558.127341716
-276.859260905 -58.3496902195 -996.156099195
-27.3630425819 174.62339196 -126.76285426
148.728032176 97.1151383142 -479.672378569
119.108794964 119.133347375 -871.105802713
-92.8161503927 31.2876728268 152.425944804
-31.6292472081 2.52739557925 425.331698529
78.5826019071 -39.2475211126 505.137319831
109.569288435 -22.144043873 706.132938161
39.7782193198 158.971297289 396.2301769
85.7304426595 306.65909208 221.539118736
229.314942995 166.586949943 289.220132527
-116.875205581 -138.557909775 396.83741748
-109.044378837 -323.749280392 222.843070259
126.72436703 -288.854972518 294.089775252
