-146.711181508 154.280060793 -142.715881083
-217.163184727 76.9942032378 -127.308805067
-91.5780003303 -259.406870722 -516.125564741
-201.033378541 -96.0159057685 -934.054162922
-37.0679676646 231.566122719 -128.336690934
150.617465853 -71.9540488327 -436.576794002
106.141117405 37.5673639699 -739.603216966
-108.458018331 115.292823655 138.553654634
-27.6229189507 24.5163905137 404.516157379
54.9123041271 -52.9953555036 469.308719519
97.0902087009 -22.5274758944 666.758393547
47.9004232277 122.886425116 372.729248814
102.70881783 149.264463883 199.814617694
199.378639625 -36.8739519115 272.98647523
-124.265202517 -51.372276816 375.477258738
-118.097720406 -191.919766634 194.734030525
112.991700603 -191.017369648 212.578663265
