-97.8017261219 26.8257308805 -99.1955453159
-169.376128781 -119.12357863 -96.4083929289
-82.3900742623 -159.159158222 -488.708452237
-244.744913069 -81.6228399962 -991.312564036
-16.9196233025 172.775233197 -94.965593477
118.918862636 120.805966449 -402.497494539
86.7209907637 124.111556538 -803.021046927
-84.3104930442 18.7982047362 173.502487594
2.00002772528 -9.24520896965 453.524172979
108.037739868 -39.922640002 508.404849764
150.728140642 -29.3279557381 691.563094702
17.3775191083 151.823895351 423.867570241
20.6780427234 315.989663519 172.102286218
184.656670589 226.759620579 158.947804736
-79.6998021651 -155.383434699 423.017514076
-88.242378528 -304.747220294 163.554868015
100.292665969 -279.230147553 161.821804926
