-101.9968652 36.7175122761 -83.7102423885
-173.446077624 -103.974494172 -76.164939803
-84.8423699451 -158.826725594 -452.580071139
-242.688144232 -74.2928871681 -947.636557393
-16.087963736 177.409702484 -74.3562711897
119.070495855 114.787347119 -366.719652245
86.0556249755 121.559363823 -760.797478598
-79.1941822077 24.4996327644 179.257117585
14.7352648811 -16.5857451848 461.401133461
124.665745678 -53.3326689999 490.722311857
207.649073989 -44.9602441017 694.50984354
25.4513777344 142.174619208 391.495732104
22.1189466309 314.700577426 180.82791653
184.158214472 217.622508382 105.243451532
-78.3134066655 -153.341229017 389.176309305
-152.93241026 -282.064219856 123.583245611
89.0713739604 -279.131216024 102.107853166
