-174.39408528 175.211223174 -67.7018793243
-269.739631145 78.3486268861 -67.3067453111
-93.056091273 -225.983355871 -330.030195545
-244.544333609 -67.2215259111 -792.624805502
-45.279754853 272.073950269 -21.2633452411
154.789696723 7.50500485007 -252.381798297
116.344430171 96.6151847362 -658.782337999
-105.677470345 101.686927905 162.381842308
-6.63841936002 -27.7460187355 399.811779123
96.2335877453 -104.805929276 398.710903231
171.501517433 -92.8013212223 558.798275863
76.1733823617 93.442692689 335.816136243
164.650056589 174.816298181 148.733559203
216.188850225 4.3282607248 73.0333964381
-108.475750813 -111.910166402 333.148054612
-174.13392984 -203.727146332 80.6643050124
42.2199774964 -229.737293294 -1.1028928011
