-196.954289179 174.964616254 -44.4659779955
-292.854397578 72.7909553526 -14.7104936704
-110.507394304 -216.423116965 -329.060906937
-209.777736305 -83.6801039688 -794.861546421
-71.4622257118 277.13841143 -13.0514419395
131.458916583 32.2333762428 -254.313793566
92.6944043187 102.334245067 -661.789804764
-107.760537104 93.3097683686 178.109232898
30.4542702524 -40.0874936521 400.947671395
124.294602397 -114.676286356 391.766907421
213.216613982 -106.498850575 557.303956379
109.774071637 88.4742391133 336.627211336
142.92977476 188.851842255 143.066551366
193.833593447 38.4616849885 5.44445827104
-114.837389021 -129.638260834 335.430723167
-140.195695058 -215.968730323 88.1847099198
25.2731931046 -222.890806262 -5.26049544832
