-229.44759068 111.538892117 -105.456057692
-283.555041413 5.33000166798 -83.2438828673
-87.7371092209 -233.74140958 -428.605731466
-254.299860996 -158.177903173 -912.14084189
-122.002696147 217.747907801 -96.0193194453
93.5394724286 19.8719152497 -346.175847439
113.266301695 24.9427422841 -715.385884896
-145.637730189 75.2846968474 155.083153374
-5.74071766985 12.159964311 418.732223841
106.720498994 -38.0503159014 438.618027866
174.881615654 -16.6539451914 631.472975646
9.58415900185 134.375791462 346.775014423
72.9318745415 199.902771627 153.278487825
26.8739827597 16.4290674173 16.5411579965
-83.8592184849 -100.332543953 353.967237482
58.9442841373 -240.48214308 223.886108432
287.172953904 -122.098413214 245.449626459
