-203.59100902 -165768.115968 -152.814652828
-243.70535486 -165865.332835 -142.960115348
-92.5627368732 -166111.547311 -505.903578919
-287.248661897 -165991.282323 -1005.39074487
-78.73240372 -165670.898883 -153.136036816
82.2202037875 -165869.619263 -481.019396222
29.7621745933 -165789.688938 -804.748672344
-131.876085254 -165806.327414 135.16741381
-23.6897351243 -165871.67792 398.955195881
87.1642088946 -165922.517255 455.599082331
159.828494131 -165902.470514 621.235633066
-7.72433025294 -165756.855081 367.264233452
95.0063054179 -165679.005787 254.498967997
223.233157316 -165866.584 286.056641504
-111.928717434 -165970.992758 371.667444035
32.0203985991 -166149.067588 265.228065021
223.519646826 -166055.098329 356.506542659
