-184.613009043 -125348.473325 -163.109099586
-241.72785993 -125433.134875 -157.380916362
-113.291336687 -125718.12188 -504.466341927
-294.120837151 -125537.462405 -983.316148265
-68.7698702868 -125263.811603 -157.42424446
72.2104629821 -125508.543516 -478.646306081
13.533751098 -125367.995875 -790.568714762
-121.180595602 -125404.83241 126.58424765
-38.6440147086 -125499.173243 372.183695933
60.9439021029 -125565.447443 452.88651832
85.700318672 -125539.552584 633.454929584
34.081007179 -125396.6771 349.767389192
212.252680613 -125383.781945 296.029951266
263.819754314 -125579.045864 328.281376106
-130.406428773 -125585.394247 349.069257811
6.4601765095 -125790.263451 245.217039074
198.900450194 -125728.994067 334.519948034
