-26.8471638999 83.8474074446 -119.230493461
-146.45096545 57.287231135 -110.676214301
-281.394823586 -85.5107457545 -509.242451548
-449.050198721 85.0420404734 -902.47565969
98.7812444101 110.407547328 -113.774256235
254.442674302 -54.0546060231 -500.418680704
324.028794197 69.480783256 -849.251563886
-25.757439027 96.3125144112 144.569262901
-8.5637058959 56.8538193893 397.52567582
20.1589898418 -42.0303791057 491.745311117
-3.29381970524 4.46920313758 699.461965589
169.174821562 98.8806417519 371.298626537
342.25478267 67.947551074 159.415938916
195.335820579 -107.772229957 87.2602786689
-137.576073171 23.139966154 379.128946177
-245.327857777 -178.444736364 256.070051294
-112.360693402 -289.888404419 432.899272554
