-113.370025445 39.9386114034 -122.924700791
-206.517965722 -103.996612592 -124.43227841
-111.350638048 -175.837825114 -510.265328615
-223.201648618 -78.0179482323 -969.440781336
-36.1793075448 183.87394988 -124.747148824
149.25865785 105.753372825 -491.349418642
122.002485307 117.788648979 -899.692580816
-95.3844527881 33.9955308334 164.066598339
-22.9892540298 -0.688591280463 446.754480094
102.097471923 -43.4754109264 508.341187303
173.052923086 -30.0537541302 689.006847243
43.2928121169 162.897660924 416.66503257
81.1784680817 329.08239212 225.142987074
232.216407426 207.805437782 234.056837781
-121.282519757 -145.546169791 425.548407938
-135.754978555 -328.174739031 229.005264446
56.2745584721 -310.128887548 238.264116811
