-91.6579263783 27.604586249 -110.342219481
-168.706759088 -114.874020488 -110.0055339
-86.0028815821 -171.716754905 -492.124167048
-253.737574757 -68.8952077803 -932.937210112
-7.73805692803 170.083291044 -110.966849357
177.058168459 106.94348295 -468.087255271
84.7646647449 123.712775183 -806.198695634
-78.6255911415 24.434188015 166.39253164
-0.136298836395 -3.64733823288 448.624516557
116.371326118 -41.7634800018 502.0826875
200.793579137 -30.0212256908 686.919083437
17.7460705672 155.94383229 418.152257552
16.4533645853 327.630494638 164.636448124
180.064010849 222.709131489 153.753073032
-87.7116274596 -144.729807538 427.27393994
-158.877143407 -305.116373911 173.628655599
86.0304837498 -294.548082702 228.456050938
