-101.541887023 30.4102352394 -100.650978945
-179.778212889 -109.821866751 -96.1662202624
-97.374937742 -168.335883509 -473.610516218
-265.082354547 -67.2623558902 -910.702783054
-19.4493080112 170.642474753 -97.4209498304
163.706531804 107.172879936 -450.078832872
71.3132306735 126.943936418 -784.70331409
-80.4846750507 24.8348189088 169.690758535
0.921903527468 -6.38451575572 454.163488952
121.809700007 -43.1531145973 494.163607806
194.537680901 -31.961212112 689.500628488
59.871397486 151.615846255 375.289101697
17.0526410989 316.449958143 164.285417135
170.691880195 202.436847962 153.333926275
-92.3242525428 -146.10870202 425.7951195
-162.260454372 -297.575673438 169.019922712
138.174254456 -278.054571085 160.430938079
