-112.327763147 54.2047243505 -75.1714736705
-201.238936667 -79.2395803794 -61.344010114
-108.027077392 -158.888633637 -449.330296415
-274.762158863 -45.3017021269 -898.6779749
-26.5899179965 187.649166025 -61.3138253544
168.631578926 100.872894353 -423.48491425
73.9787649008 137.450822389 -766.539890303
-77.0427722777 35.7550235622 185.547029777
4.61131778198 -24.4778044444 435.170252768
129.357410146 -71.1194469376 485.289026175
212.128737904 -63.4160602454 673.85764131
80.0307871876 131.22084948 414.099822273
89.1882344931 293.404945807 203.043298893
189.247674609 171.812314367 117.902043222
-97.0174077359 -151.391620651 411.264378171
-179.210407484 -269.919594176 130.118542618
69.02881037 -269.179278573 41.6409782449
