-56.4829261534 68.0664067198 -117.287891929
-159.498402964 -1.66426704038 -115.589839243
-294.416834482 -73.2860865821 -514.535335962
-477.650916366 124.52467264 -890.709820699
64.0513483109 137.797008931 -117.314972771
229.456137631 10.9565769596 -505.485608812
292.319527265 88.6971634094 -906.276737869
-53.3102778203 68.8266105625 151.013278258
-27.519580599 33.2633970396 396.099194351
47.3624020116 -51.240950518 498.248207475
37.3255573772 -11.299266741 694.080898174
138.21830325 124.80853204 369.720624526
307.66379557 158.471238879 160.379374362
245.485474399 -7.03162891791 85.428775835
-148.203183482 -50.3764930374 429.912772257
-171.147264001 -291.454106437 267.386877313
-36.0839618838 -345.548217193 438.286702927
