-192.730801176 171.479560415 -38.8499570642
-284.747338689 67.433945941 -8.99057045175
-104.779650001 -218.252333726 -315.272766384
-200.874647912 -82.8888679927 -770.327211833
-66.8449945769 275.525323309 -6.72962391366
133.188087554 36.4277893086 -241.872408166
94.6666967744 106.993219057 -639.980338281
-104.459688716 90.147529186 178.529897816
32.5120749528 -43.5235222446 397.276762444
126.518296273 -117.67939785 386.304861213
212.757443355 -111.768661667 550.541807131
110.682184149 87.7672689504 334.703591173
142.6581071 200.473563094 143.990999804
202.637256608 46.8487241796 0.373310534116
-105.121090502 -133.228396634 332.717199217
-186.970550925 -206.223133368 79.710792623
20.2364222135 -227.524860271 -62.4100936875
