-152.802666918 13.6971936467 -125.085006604
-231.825083146 -133.909363593 -133.343600986
-156.522198394 -171.682988684 -529.074720969
-343.826626184 -109.900089326 -977.251315821
-102.708993694 161.303829312 -133.730336144
25.960076937 153.347438272 -508.132195166
-8.49121374876 152.352027997 -910.444184031
-105.964390976 5.70142502408 153.951919989
0.571228018658 -8.86897964394 415.167122107
110.989426958 -23.1230892104 477.920460246
152.604844047 -19.0254178768 642.746694534
-0.73816883409 151.52460275 395.443165457
37.7597377959 338.956643715 275.313091452
266.384175736 234.131131691 297.350808903
-68.1795931876 -163.343352457 387.729188505
88.2709092329 -350.368966875 273.533517401
340.740905524 -248.883256311 305.952618236
