-209.318817581 130.596553106 -165.164396311
-264.145224834 35.5337716825 -163.271518001
-124.843057149 -233.318532553 -502.68747573
-255.882129561 -73.740990857 -931.937955409
-96.6521938353 225.659546163 -165.703957471
110.338669472 14.842498626 -484.321682779
-5.7293563012 110.509390471 -796.601552386
-135.732560437 85.1781916107 126.433654856
-4.33711112348 5.27143980634 424.971734011
82.9460039294 -52.3321179312 451.309976651
135.28337925 -31.0321162473 598.520303002
15.4646619826 118.96764274 354.438805294
134.163400635 174.098745725 244.335014618
249.022641544 -34.927007648 328.479432351
-133.325450998 -90.637341397 357.725714458
-1.52822647721 -276.662622137 242.108752572
242.169997565 -200.641238644 332.148606961
