-112.723104636 39.2000561718 -122.766188105
-208.72017149 -104.818038116 -123.468802098
-113.972494548 -173.413512743 -527.29298637
-226.708946153 -78.0429925727 -990.565517651
-35.9270626554 183.218303937 -123.88195716
153.994916818 106.647215777 -502.746317509
123.477710781 123.265412049 -858.816767377
-94.6347418683 32.9804577454 164.945415513
-22.6812754941 -2.48251486436 448.997642803
103.067544446 -45.7297811386 510.507677452
177.4859461 -32.3542903807 695.651451436
44.4976989356 161.606369698 418.919206489
73.7544008798 330.483472259 223.431149172
236.86798915 212.43707424 232.013268159
-122.520996946 -147.032997784 427.672782175
-137.67870555 -328.186370869 227.181998989
58.1309902346 -311.790337375 236.164886251
