-88.143320802 28.8882177262 -103.937837316
-164.868732217 -111.607104748 -100.404494253
-86.7014351148 -163.109450935 -489.553728379
-247.427810738 -70.3112546625 -978.926534196
-6.58068528684 169.383648751 -100.972908802
173.552056257 109.293366362 -460.210488152
82.2195793275 131.260701547 -797.605978159
-74.5612003758 23.7307154527 168.60255085
-0.175054800082 -10.4120328706 440.236623694
113.921548096 -49.5497771742 495.221195751
196.780104622 -39.5714859434 672.828746983
18.0269655549 148.48053524 412.115723675
18.4222977391 332.169774693 219.81302499
176.42319947 232.327298199 153.852508179
-86.3896118422 -147.755477971 417.719662031
-156.227604843 -304.460860805 170.260043749
82.9467319007 -293.461244616 221.284696959
