-92.0257579078 28.9430355859 -94.944604148
-162.606098411 -112.588642277 -90.2740383391
-85.5746940171 -160.236931946 -482.812331816
-243.628572658 -80.247945188 -975.423460531
-12.7996474984 170.474887254 -90.3703986361
117.910410092 115.366873018 -453.023771457
81.6359060395 127.142427397 -794.385399204
-75.0961183628 23.1677990532 176.081764993
5.90744332681 -7.37488787401 452.29645506
121.882530165 -42.5780643105 501.935895921
204.863679681 -32.092110266 686.859646811
23.2136332308 151.025483484 422.345672836
30.7972465512 317.944405279 172.836336552
184.527077018 216.182999334 160.828470455
-79.7866951075 -147.304527058 423.634397915
-152.584490936 -296.150158792 175.568477657
88.124802716 -285.310933533 163.263842006
