-173.659140782 165.979937 -65.6469146705
-271.462917513 75.1566975908 -40.1987203685
-102.870989436 -229.062350299 -359.073976455
-251.544400901 -92.7807769317 -820.389409777
-48.5503622046 256.803345366 -43.2560068708
149.197155773 -6.19124179054 -281.857217952
108.113596037 68.9214377508 -631.260694058
-100.984587905 99.2473119536 165.125183441
39.9376819965 -19.311905431 389.27818815
112.645704258 -95.7546662768 405.000632394
177.111912695 -80.626520541 585.901298207
119.031981175 98.4526772396 315.235917896
91.0269883981 185.88819747 117.665091204
150.010517202 11.2270589604 40.7068505209
-97.3686856483 -102.913788224 363.341895367
-166.206368797 -192.372345852 121.034419536
103.573891315 -195.450991622 45.0375013983
