-194.079541274 172.414769011 -37.8026217166
-264.165034739 76.6090781724 -9.79003018686
-134.481222292 -204.79377892 -345.392678059
-304.320025938 -59.7443915661 -820.619571812
-80.4027910618 268.220624634 -9.63763238304
124.14045961 42.9749587366 -259.823062262
82.0103011793 121.091407452 -622.384066172
-100.032285128 87.5593585723 185.778957045
28.9559709315 -49.1852040365 417.764491683
135.47884244 -119.570639009 400.6210724
212.421246238 -113.185254314 578.102366815
101.00304357 73.1603838708 351.648106682
120.940209142 167.345205719 143.531846262
184.450749638 25.158415156 -2.34396384785
-70.5361308987 -135.384707205 350.318762496
-85.5093390947 -200.635367019 81.7577064335
85.4925638099 -205.936339263 -68.2685139739
