-228.965799554 127.196094556 -78.3077276842
-256.776072439 20.9145370893 -39.0276011231
-172.249282471 -221.058779243 -391.826732761
-375.834924749 -101.992419678 -894.509400114
-136.990256894 233.477835326 -93.4563010736
141.592593352 72.2615369811 -303.839812261
32.3299370033 107.701176295 -686.680041975
-114.920481303 66.7951014641 175.634077857
53.1800494603 -31.2358796637 423.215140013
171.158821348 -81.5752380533 420.989610434
258.948172487 -72.6671885426 592.797268293
66.7411714704 97.8820483799 350.441562579
77.0342990826 203.416912557 147.095941994
157.707290394 70.4336913681 57.6967835794
-26.7290499294 -135.305925634 404.530393204
30.9066079469 -239.591822445 157.302671691
150.139465403 -177.364602331 72.9989669335
