-233.058521606 126.742902188 -91.9573581508
-278.6595643 35.5120792101 -71.9618445245
-209.393344594 -228.118257875 -421.494100227
-347.36207431 -113.61765535 -859.928609605
-114.537271833 217.973877988 -81.6089771586
101.31623427 32.9632216318 -344.996532258
-9.44341949733 68.9152267999 -716.779665724
-130.002036099 77.7479055295 160.940280068
21.976850958 6.62490763339 393.582810481
133.920744298 -48.8354132975 423.882606883
212.215936179 -28.1970708308 602.693747334
36.3975052674 116.794491901 358.040055618
45.965500849 176.259186359 102.817315886
113.835829067 -22.8938819612 -45.8537093827
-58.5670618085 -94.7872884046 377.838297046
93.1737019988 -248.506778023 247.766033362
393.081177908 -155.119068452 266.604579625
