-145.214942324 35.5773393369 -141.629980846
-230.076391188 -98.7972975555 -157.398050542
-229.354919927 -138.747679611 -559.215456114
-425.189536492 -42.5684531917 -1019.94024698
-77.6552139713 169.952151687 -156.901051033
48.9039576352 143.071441921 -473.514649211
6.2087256035 164.365539749 -884.351112068
-101.225731645 18.9010389813 134.592538823
-38.0706812946 -11.1982830087 405.432066085
93.7023007092 -40.2592808411 458.928164583
158.601338823 -30.1595602177 646.433012817
31.1466357797 141.394769893 336.091921474
151.402085742 295.532181297 293.152309468
318.724867595 144.961015891 384.465320298
-117.043889986 -154.645150998 335.006370322
100.828849319 -369.232669086 282.428395718
301.57417246 -269.12295067 391.099121702
