-118.688758857 16.9992906087 -116.295869426
-201.611194464 -121.506150776 -123.846073132
-193.808112336 -156.087709139 -519.109701496
-391.467324587 -62.404927611 -973.028373248
-41.4568651645 155.504675298 -126.590452375
140.252812885 125.6879968 -437.202999484
44.2622053853 140.404021728 -839.505664277
-87.2822926926 9.82909065543 159.931154512
-15.6804029486 4.92786847512 434.460802446
102.709812471 -34.5298136023 494.428659578
125.886146515 -16.2116966665 675.734380717
50.1600266743 155.566803473 359.259094453
54.4589628345 299.190380339 218.781402521
81.4332450107 192.495925341 -28.7118456278
-92.1908145993 -144.813687426 416.59972001
128.502447753 -341.643543612 320.145856109
311.258867113 -241.770309014 412.008384887
