-104.910362488 24.3442607209 -114.209983159
-165.675629495 -110.649537144 -118.988200511
-146.173304226 -147.321392811 -516.376613187
-337.826330479 -51.6895554954 -976.554290533
-48.5075707303 159.338025368 -122.221950499
133.596161466 112.210126436 -436.66586492
21.1849557384 135.868423725 -840.410598103
-79.65886145 18.4441828264 162.913976103
22.2702369176 14.9788301788 445.333335874
106.816378122 -32.8866220793 504.061403064
113.366210044 -9.28872778722 689.84670598
94.0272300525 161.236188984 365.979139823
54.5591748946 285.34840377 143.461851576
139.481497684 167.869236981 -28.6797350257
-114.202985393 -130.401503905 429.408759308
19.944212868 -340.184678699 328.77798671
213.956140708 -278.074786218 420.318729975
