-102.815614059 20.6289796666 -106.942801781
-153.288688617 -115.488815246 -106.836249507
-137.13415598 -154.030782404 -494.041695118
-388.203427458 -52.5497711216 -938.439465581
-41.6427403524 156.74673249 -109.53792547
141.411297395 117.538938465 -413.842464128
30.7992987389 133.898912273 -808.577725841
-84.4223138088 16.6348580718 165.674576182
-25.3988292071 16.209765467 445.862380822
93.9240111504 -25.8687821409 506.269478401
112.539605424 -5.25610720708 693.242538073
44.7470390931 161.486591476 360.422796684
61.650068751 285.62819639 145.569368839
221.112514528 184.980123103 -87.143912745
-106.771212061 -130.515179259 429.074415952
26.7018076348 -339.627813587 317.563393877
213.47742217 -295.449611204 345.115425397
