-113.159738578 55.0986677012 -107.50236633
-204.455682577 -67.4629784662 -106.83168281
-125.286600543 -151.445912453 -477.471047377
-360.878076128 -16.4971450632 -926.852658174
-21.9444982739 177.660312919 -109.146654308
153.912692448 84.3305372571 -406.487955404
49.1353979603 131.625481051 -798.82007524
-86.6249779713 43.0985414626 163.115032262
-10.5583594603 11.7584856466 439.203878263
94.278862584 -49.310621044 495.392683472
125.893882351 -23.9822756307 683.28154918
71.8632942196 149.41969695 362.392381688
153.381931152 253.931426637 144.027283091
244.206068801 98.7417105074 -13.1646150689
-112.752027159 -115.783436922 421.256679635
-107.008911739 -314.917071467 249.997904935
144.490889006 -303.350247444 322.534482413
