-108.477069004 43.1114756227 -120.28150869
-195.027046533 -88.2241147957 -121.816039089
-180.111761158 -142.628147353 -518.828143561
-372.189636259 -17.9657885075 -979.861757545
-24.2571679142 174.447229064 -130.654456514
165.076864358 99.3086584056 -444.85134774
63.9732796042 138.46971495 -851.881827962
-83.2069355217 32.9865914159 159.118052648
-4.44836806864 -4.65567232572 438.105864547
103.589572926 -49.363148029 497.606118163
141.585944983 -33.0343151288 690.163739431
65.9524453332 147.294017571 363.924331303
111.913212847 288.636642922 222.132387841
275.140084044 148.053528397 236.564229291
-103.721349717 -139.664476944 417.274908998
-98.5015684899 -324.061914523 226.93154386
154.61506702 -302.895082337 242.426895721
