-106.101545743 45.8846818715 -95.9477306655
-189.053963443 -86.0033323225 -94.7790464007
-168.610089062 -146.849448598 -482.584234497
-348.696979426 -15.3058427752 -933.535857613
-13.1166438564 177.772823871 -96.3777000218
170.301614881 105.417911529 -403.614298146
6.38793147926 153.229591752 -796.951356397
-74.1017126448 31.6971924623 177.29885765
13.6572187488 -11.8133186364 458.865552335
122.030133138 -60.4460239035 505.92932467
157.257012172 -44.2613880828 699.758326213
83.2397346673 139.204002304 384.349331849
106.636129283 280.832230644 166.345825353
270.514071515 166.861619804 78.5788091091
-86.1545829337 -143.907766717 437.239699718
-98.1981893253 -302.884669771 185.594590237
95.8367353329 -309.360785092 166.804298788
