-165.334945152 182.431956391 -83.5551897988
-243.665545085 95.787983806 -62.9584888887
-133.630164039 -227.129963177 -390.432292659
-290.305558099 -39.8459258529 -805.130412258
-57.2925209573 269.076044148 -63.9439841016
191.999543559 -2.75168927488 -311.778375437
86.4936925604 110.853297357 -667.231572021
-96.8252591427 107.215671341 161.410474692
23.0835079202 -26.0007474078 385.693469103
97.2724992332 -107.757827159 417.808121045
153.880014614 -92.9787991261 595.76825108
108.327043249 85.9352231968 357.147151106
147.318814823 149.110366212 166.306118183
198.787137347 -28.2291222306 101.306063148
-124.669094267 -102.571285116 356.747250571
-145.975393072 -201.904195319 107.241343688
85.6485215374 -222.056078281 36.8876722366
