-179.810702933 199.920567613 -89.850164544
-260.161872867 107.503121134 -77.030275651
-140.072718103 -207.444488567 -344.794545654
-296.784022114 -2.87722327546 -767.596291692
-59.9692277494 292.338139972 -77.8345865187
138.644854759 26.418815553 -265.913506294
21.4333327317 152.169234155 -625.147270924
-93.3356782675 105.451084991 162.19842766
28.4302790577 -49.3589432626 419.623975205
126.375551272 -137.010866061 415.87646747
217.183435074 -124.688737651 588.429479623
123.59788974 72.3953716905 351.373176819
208.384613867 155.920660838 144.421665739
273.573001948 -10.9105803356 9.95973393822
-120.498620537 -128.108485638 351.618929715
-154.123029496 -225.63832041 95.5039557104
20.3620837694 -271.311178873 5.92488132396
