-180.867040388 180.504830601 -51.2595632914
-248.02932932 87.5610920763 -25.9101679889
-125.114604568 -204.827927043 -358.417043453
-285.243808945 -25.9724595924 -778.861059452
-63.7969799555 273.448695156 -26.4340914612
137.05712895 30.5752203965 -279.860891287
32.1020693195 143.491354615 -637.925026894
-89.7431348096 90.6049160106 179.777954449
39.4223044929 -51.7271067847 407.944959819
135.882772996 -130.581353352 404.998173371
228.826141397 -121.92914773 571.454301787
121.966559977 69.3449238815 340.456805043
152.175672749 167.159348147 136.348764903
215.76509726 17.0586383975 -17.1135885199
-104.742815723 -131.131626414 386.688569078
-131.522279455 -205.282983018 83.0404731782
31.1348438992 -232.198067928 -10.6341869205
