-159.012088873 28.0573406159 -70.9624399764
-238.062819178 -114.522702521 -71.0376731902
-215.262314337 -159.26557587 -462.929738486
-334.041709586 -73.7712390752 -920.079675283
-83.6233898569 170.637412253 -71.2450348286
50.9541451396 150.492464819 -380.124385856
22.7358298536 153.493387495 -784.262941739
-92.5528289243 11.9040856649 192.207243207
37.1396219799 -13.9443516792 474.645798534
161.696340018 -47.5918426646 480.158405764
250.106358441 -38.5889948329 661.741992456
47.5847482909 142.955424885 401.808082129
34.015391783 295.142660114 181.403169992
137.610256678 205.003723502 -58.6097231016
-42.9685868333 -161.278570527 402.928139753
40.2616935558 -314.647182275 197.024596416
293.550774131 -250.056353039 192.892997521
