-160.930525242 16.7572260489 -83.4741973846
-237.067906542 -128.469364971 -79.0521824228
-213.544103351 -165.861145187 -468.498372774
-333.164241494 -90.2720204197 -916.187512918
-89.6649044751 161.983805429 -87.6767081177
43.3846511792 146.004186205 -388.80141485
14.9151053815 142.920416566 -784.606960283
-104.723988814 7.82665029331 183.212151255
22.2996817288 -3.09735356549 454.831112799
133.793390253 -33.3723026926 492.713420883
175.547696724 -21.2438636956 691.021877929
25.014093974 153.032074573 381.387819657
33.8292498418 287.371322879 158.323542656
140.11397327 195.370376197 -73.7517802275
-50.646515104 -155.817962178 433.841706728
104.807688761 -306.880500688 190.777096862
364.175530198 -222.3942304 256.057902509
