-145.747570836 12.1593926986 -104.310837879
-225.732913565 -137.373359132 -111.163591966
-215.615902324 -167.301702023 -519.911671479
-339.547685918 -92.6088859245 -985.873961576
-75.7037638929 161.692157257 -120.348687606
47.7000356729 149.95774079 -438.901941338
18.94702101 148.25494725 -849.970965859
-93.734051618 4.63728817683 179.652969616
27.6512855965 5.3564196811 455.096484828
141.049407995 -24.2217109286 510.126849253
185.914318863 -9.86184560913 700.365829004
36.4065397083 164.661036558 421.435745852
38.8836742794 307.479514691 155.106795621
135.199060756 223.162136765 -23.4954343807
-47.8905553197 -155.377178742 437.373696081
110.183935121 -344.715026662 311.394707453
303.60495008 -257.951178929 339.297316547
