-141.996807202 28.8228953912 -104.399598233
-230.000845279 -108.063795785 -114.116670687
-217.646698354 -152.132881377 -516.262091709
-334.129765711 -64.2622593883 -973.87767681
-64.9658995186 165.709588403 -116.682663721
51.242678482 129.263719876 -437.861856558
19.7855484406 142.292067501 -840.610722394
-92.4152963055 16.4914983553 172.496881687
26.4620186971 6.34385518846 440.32797473
130.544828444 -40.6844385777 495.326433739
179.865310271 -20.4045706002 679.981954456
93.8643418511 156.819868296 406.341499848
51.8115207272 284.942165075 143.172956577
137.444440137 164.10374729 -30.3038568879
-105.666599733 -142.29112677 424.036248376
98.2938809577 -337.436700707 312.278607705
293.6400691 -253.075623149 402.625819746
