-123.422442571 16.4683276562 -108.25491068
-176.338622015 -124.675645551 -111.512512386
-162.812341308 -157.835418579 -517.313696587
-342.486181693 -85.2267972392 -975.379521819
-71.303548813 157.61227456 -121.134070828
42.4019905458 134.88499445 -436.595654442
7.14480269204 135.209824798 -842.398124681
-85.1965570398 9.71933393024 167.854521645
16.1092395377 13.6980452519 448.326425007
123.341673661 -24.2502582046 498.110496207
169.080858961 -5.53727492584 690.979458031
80.2400637832 164.019956421 362.878354514
36.301211786 294.675621649 141.612694504
135.978175866 188.877595753 -21.9854094373
-113.128131031 -139.003097043 432.667688226
91.9460605824 -336.992405971 315.958585541
286.866421165 -256.808988142 415.185938407
