-111.369993241 29.2736197578 -109.032464811
-189.374888397 -103.979673464 -118.455140084
-177.297062594 -149.161707904 -514.898245212
-357.36130079 -45.1068160531 -970.07100902
-20.0433895514 162.526942205 -120.929320797
94.4543418844 118.603432616 -435.368237708
-2.23833945793 139.400215073 -835.599408401
-82.7947428281 20.6053406259 170.706287083
1.69326313957 8.56740561253 450.468038116
109.128849035 -39.5841672132 513.371306686
150.215791494 -16.7336260281 693.528606069
73.9209035016 155.283487866 415.765506313
90.9849068632 271.671130437 152.645777864
125.012360878 139.759377453 -20.9431866451
-131.805077983 -136.213896007 432.355989036
76.8758314607 -328.715405462 307.352954567
264.962659608 -249.008640286 338.639782194
