-99.3196002556 28.5522832287 -110.268658028
-180.660864314 -105.685323337 -118.495132777
-162.71003648 -147.942968416 -519.22080427
-349.396213518 -42.8338863043 -969.183260959
-11.8994828159 162.789839957 -120.532297417
100.243117442 125.084950627 -495.301001378
0.343032435101 159.133139415 -840.200204185
-73.2053715315 19.6709030482 171.642835901
6.28307756982 1.9794569375 451.37147773
113.043727492 -47.2948296289 514.566014762
156.273573328 -28.1408818944 694.357351825
85.7099531127 151.579549815 419.006091991
94.0643478344 291.737002757 216.014782346
129.298121991 169.783297054 -15.0965186925
-129.093319725 -140.950237428 425.093308006
9.55578910148 -338.996605442 309.263809642
251.988904076 -274.423008378 337.063499065
