-101.626646565 30.4527649681 -108.315821258
-183.617006006 -103.550261762 -112.92027857
-162.422850852 -150.317772976 -512.925772372
-348.846347046 -39.1787072678 -964.682666255
-11.052718177 164.455779782 -115.736472495
110.557842256 120.093027346 -490.592866212
1.0244685433 157.252768511 -835.379083746
-75.7161650599 22.9134280539 174.1306501
6.62192846263 7.68892437819 458.354533351
112.759627153 -43.1512699179 520.253430302
156.341505084 -21.5977907322 703.002167965
81.339817922 156.035566991 423.480559443
99.8269518873 285.013865969 158.945670183
196.152317721 168.364711391 -23.0557078893
-131.921391448 -135.540408896 433.411060896
-0.767436916795 -340.929404892 315.476155802
186.762918611 -297.472243171 332.79201004
