-58.868613305 10.2521699164 -147.763833638
-130.333384805 -122.969423373 -152.945502916
-204.511932113 -140.004853296 -564.0181958
-417.645201255 -25.0166525901 -955.97087071
32.5702212601 143.473819194 -152.849084063
238.908177449 90.2675452509 -476.913469575
233.039585953 107.637226189 -898.176366492
-79.988594838 12.6923932793 126.822667411
-47.1138881697 0.777265385567 382.133745009
52.8530376288 -27.3601107125 483.870416684
99.4252784409 -14.5999300179 690.786193008
-30.2840109277 152.234569306 362.059962489
-6.42538900864 329.072053458 232.308330184
159.414061332 213.141434601 332.762498051
-129.31069982 -140.81181201 361.350675253
-31.2423480818 -341.527045143 235.974451501
233.509529801 -270.331397584 421.956751528
