-96.6575347095 29.5112043234 -126.242225861
-179.25969869 -107.008387542 -130.82699623
-162.551570692 -147.186752828 -594.93169155
-355.525937483 -36.0481995038 -993.773583944
-12.5274090148 166.030930656 -130.761813561
109.579825943 125.672094869 -512.504006443
0.102348703162 162.335970295 -856.410280031
-80.516634922 21.6901926228 158.179741672
-2.75951284175 -3.95798861343 440.711894926
92.2381713166 -43.0294606917 512.714539711
139.793305486 -27.6375420089 694.822683117
19.6675980743 149.318162915 418.544558216
111.173476471 296.310746028 228.230724911
279.565825107 168.780477883 240.965009937
-138.601413338 -145.714054659 419.283691952
-2.299097415 -339.117137848 241.76115155
193.642259744 -295.552137804 321.299615769
