-111.188096046 43.0205254276 -82.7002646897
-196.099506716 -91.409421127 -74.3777803904
-179.830927436 -143.07282659 -483.113812891
-290.305713577 -45.0396956395 -942.327718613
-21.4690423918 177.450630974 -74.9598722584
98.6358577232 117.265645811 -458.156293742
65.7131792658 144.720805888 -809.255233409
-78.2043165994 29.4605865098 188.721332691
3.07739907947 -15.1330845371 479.235378992
129.84686253 -58.947939083 509.152240967
205.224698217 -46.9839580218 723.871258561
77.692289872 140.123805422 404.676093189
86.3097081112 286.552602781 185.906918928
191.287118502 161.189694445 104.239447841
-88.5011600565 -151.318628483 405.661055881
-108.079234929 -295.781174498 187.027763049
156.345334371 -271.517315162 110.328359973
