-46.5765401795 24.6785319262 -137.359996774
-138.51325206 -99.9182992043 -140.341843469
-201.926115174 -122.87435558 -566.027035782
-412.955679272 29.9138898178 -970.914876435
65.5676869716 149.275461176 -138.08665837
262.753324164 50.4222314756 -474.67059281
254.854405543 87.5339399433 -910.121389462
-67.5964958963 30.0394083151 144.28707341
-37.5927755445 -0.193634134663 413.668846287
53.4435290477 -45.7267159194 515.313087388
54.7813769928 -25.3415012761 734.531696829
50.4028416618 149.52708594 394.470039602
93.7210559008 303.013226023 267.683833915
194.985133317 175.196632747 350.77506475
-134.920869601 -129.855257247 380.430280256
-127.644047017 -306.039537347 182.767627875
76.486914151 -290.997249081 271.034942491
