-56.8074334643 175.252076436 -43.4265366564
-135.608470978 140.972759762 26.8663967299
-103.438881922 -188.112994344 -379.276771481
-189.231457994 -56.2522780361 -751.724335263
53.6821658551 209.531415184 23.7822909087
167.997553822 -93.605061084 -300.701525355
145.60939783 13.7552208281 -604.773430094
-33.3395011299 119.434741512 162.867106991
44.8548256997 15.5160976884 515.531281461
53.052068879 -70.2949325877 389.705095833
49.3128005327 -48.69121504 487.837357183
112.997658378 65.4262689849 310.276601767
99.5250551314 75.259341132 184.25683293
102.740693245 -57.6163891407 -57.3637015183
-97.619603825 -18.3302602857 450.711274395
-111.230918505 -111.415072002 214.089997836
125.460334778 -128.982538878 131.082723775
