-62.7017696282 153.663476865 -19.9710715163
-139.880894022 115.413400412 72.2931553392
-107.43640212 -185.017584363 -378.178912403
-209.380426316 -97.038321265 -794.226262941
56.634431296 191.913575026 68.4492586198
187.417782587 -75.3793584895 -221.085094042
172.692874046 -7.00125237859 -622.86476113
-40.7319595551 107.531301456 157.474819301
14.5077848771 30.4520706268 326.459007446
44.6499301552 -42.988429047 337.779489331
43.1383916798 -28.7158847029 419.673813528
95.2792104456 81.5142325759 273.82351617
110.967093939 95.6685440107 254.166866471
104.84058366 -34.2990624062 -21.5814330251
-101.173301194 -10.1806950928 564.759607733
-116.731445406 -134.857900061 282.551057717
146.890287095 -118.527842694 196.229931211
