-76.6993567298 43.1849096461 -80.3502052563
-150.450196259 -86.7156658553 -75.6711728891
-115.053516394 -146.431971729 -448.518685186
-212.271388829 -45.3268787264 -879.903916188
20.9413162252 173.085605527 -73.0760364379
136.422456752 84.5295269777 -370.113831995
116.380122077 109.262962726 -752.103864956
-72.5801027831 34.8090588254 187.605173771
20.3541538997 -15.1773142786 462.210700436
98.6230346768 -67.3897983907 526.461014956
108.264895965 -51.9068180754 743.725050439
96.4195181484 135.571758998 439.293544485
57.0243606032 281.652404459 170.654384444
145.574149296 166.440234758 6.45146539108
-117.230856051 -141.929952451 428.484010943
-197.738865606 -239.07677212 103.21041779
91.3638502016 -251.938288147 -3.15813822541
