-78.319832795 46.5244684435 -96.2332721018
-168.667064408 -75.8421490396 -87.1102941131
-147.364549989 -140.66729199 -535.441722194
-258.573136256 -23.2745890227 -923.567799913
17.6979269813 168.891242442 -85.8679040637
126.202990239 77.3231707763 -456.611854665
91.8933070089 126.713898765 -791.240329495
-75.1212698983 42.8296905061 183.421108013
-0.0125129755353 -1.35068228774 470.870499316
80.2081540539 -60.7557248497 544.881410127
86.4010483317 -37.6912832734 770.095908098
85.8168201791 141.090556726 439.050009823
127.126518629 257.617882058 176.245629284
276.140343609 120.391703965 88.5750235135
-145.332159193 -124.361967505 438.938350682
-169.333071241 -256.457832696 167.160773761
78.0035391229 -286.863322996 81.0334174038
