-78.3445778097 46.5752259381 -96.5002914206
-167.344690826 -75.512469168 -89.783388739
-144.256589887 -142.95333242 -530.987275609
-245.060422767 -26.8207763683 -914.565010435
16.9416676768 168.663079087 -88.5450294901
124.358442817 75.6900907965 -453.82553603
89.5756096231 123.353344181 -784.295640347
-76.1238558466 43.7676787974 183.233276381
-0.948812888007 -0.39778159543 510.632013007
79.1317374147 -59.9557500674 545.899013408
84.2238991071 -36.4546211623 758.27195277
83.9507810012 141.323502723 430.843988404
123.911414885 254.539176793 168.752886693
270.817859497 116.775941355 81.1161492457
-144.335890525 -122.991497137 430.770521909
-167.87099666 -250.618333947 159.880038542
76.0377289856 -281.609220934 73.6433503275
