-104.159389926 75.7031459615 -115.201858558
-203.783712633 -40.1226996051 -115.617346801
-180.607427298 -138.76289798 -498.695517947
-276.628593742 -13.3069620634 -937.559594018
-9.47285304645 191.529157557 -115.070886418
95.1448926543 90.1553500599 -476.118129659
53.4611987395 161.540653256 -811.604597698
-83.8019656072 61.9750654718 166.694017077
-17.1692596836 -2.0712552266 481.599909598
75.062556747 -67.3460871978 519.969077407
109.544559092 -44.5188054045 720.465955749
75.3203007206 135.31345907 411.604539429
252.263060337 221.055290143 220.992273038
410.049830053 51.8253566407 226.067700267
-173.18091891 -116.28164094 402.320724182
-191.671987262 -274.667728287 140.356910929
56.7309110333 -330.380991255 127.155613889
