-100.651714872 73.9756312197 -118.194302746
-203.358028154 -40.8861660361 -122.060504709
-182.84396264 -134.104656009 -510.993645153
-279.464755841 -7.6198204903 -954.23999917
-7.54173018676 188.837583089 -121.308545904
96.0910889215 90.3522418074 -487.569479003
54.9622061392 164.077277001 -826.662370456
-80.8130635152 59.8378556391 167.919333124
-17.2790393998 -6.61972976929 482.12800916
74.022269457 -72.8346385752 524.343650472
110.592715203 -51.6439577839 722.832743563
76.1292475194 131.37692976 413.004929083
249.34937521 228.428868777 277.136253942
414.62050283 65.3858081119 226.198787788
-174.393116217 -119.229021302 408.237309215
-193.111973315 -275.286465466 146.188987096
56.2474699827 -330.555350552 121.982551665
