-89.1714709355 29.7913009464 -115.745530676
-170.791235161 -109.210520206 -121.714621165
-155.058076972 -146.417045527 -521.548274964
-265.414648745 -53.0126836716 -969.562759267
-5.64554982902 168.793249671 -121.780851749
111.276052359 109.709826173 -496.447091774
78.2899505457 134.155743375 -841.208046422
-78.2501663039 24.3977548589 169.675651599
-3.92309618179 -11.6909618928 490.852603683
104.796611145 -50.921210203 527.442863853
137.850429844 -37.6527050399 734.075892872
66.0641114146 147.619436167 419.734308192
34.010327657 307.239747981 211.913821353
195.150316784 192.107140366 207.638628784
-89.6609602424 -152.232659806 417.041242606
-91.7376524588 -298.995416167 153.318636401
159.590031025 -272.557779156 209.697105656
