-98.3702023988 80.9033903566 -122.17273827
-209.896577728 -27.3697261965 -121.588202015
-183.017328175 -113.962781177 -573.404095397
-282.845563003 24.2669193141 -964.695309792
-5.09258945775 189.176624332 -119.061329103
97.2255183856 91.6607928059 -492.754293882
58.5169284517 174.510054544 -831.026958188
-83.3290001655 63.7787548541 159.681690535
-27.9193742433 -0.197553231037 437.559166101
50.239536048 -69.7897903345 518.634514274
53.5887041417 -40.954222073 728.900746589
76.4455546579 126.766718585 410.7391706
316.055872656 173.884140509 287.984410874
269.788768229 -17.2703644488 240.518702074
-177.576466662 -111.367895412 404.267922521
-122.333321397 -298.706847011 155.970385886
137.059874206 -289.99655629 218.494206658
