-102.089892929 74.0383940823 -125.436069504
-204.214667399 -36.8259176452 -123.60892094
-172.736802661 -131.877131377 -508.040542434
-269.740069401 -9.85498093738 -949.567326532
-9.73771868203 184.902857746 -123.420618468
103.379482484 77.0640921917 -485.353982834
64.7288616368 150.776345233 -822.269011019
-88.9469400285 65.9337044033 151.358447
-23.9208237911 11.2150524397 426.986947379
54.209380702 -53.7418332911 506.804873632
58.7918809621 -25.4297902688 714.390590616
76.5591941815 140.973011512 397.940816951
252.650742816 194.01351735 212.07132472
335.981845246 -5.22179786972 296.973323739
-171.905112471 -102.104095206 395.938331261
-176.457540875 -280.839117264 147.772708481
136.620728019 -299.514553684 211.27371158
