-95.4537236135 44.7390343047 -120.681219755
-184.212625478 -87.9745609125 -122.146144453
-155.673462006 -147.338045777 -563.944890106
-262.591641945 -35.0130639337 -954.641238115
-8.35356872062 177.452782201 -120.130208172
114.135809187 104.281729146 -484.031190254
79.2706488274 144.274679278 -821.895529197
-85.5935520372 36.3171669628 163.427745754
-8.09439314579 -7.18528118524 445.723845247
87.4146813998 -58.5752517298 519.425532508
132.098801623 -42.2919923647 736.77368372
70.569318963 146.89659137 417.146273496
108.767280481 290.234575685 221.633097002
268.207993266 140.186791367 224.073613974
-149.288382387 -139.885974424 414.510339686
-157.714094986 -300.895037435 162.847143749
152.878316373 -297.306553066 223.621572637
