-94.1303056369 25.7863821036 -108.638377717
-168.974343089 -118.265650802 -106.758590269
-78.9841772557 -167.075974882 -496.961279136
-246.069084151 -78.1828976393 -946.374203205
-8.79470001496 169.838537727 -106.846123572
129.140258299 111.729925158 -470.493247387
95.3006641243 117.940979354 -818.167336251
-88.5931562321 22.3871995788 170.39218209
1.33997186523 -3.69358854797 463.936392035
96.0586536652 -37.8333943798 520.594029377
144.806805835 -24.8819236463 708.387568509
18.7415616331 156.413757896 433.359450753
23.3761465696 310.427811034 176.372746186
130.391787327 194.527458656 163.848161295
-131.418852402 -150.188895262 432.916119309
-80.7137190115 -299.320318646 167.159475081
171.857680326 -252.859388417 171.249167142
