-100.430463471 24.8374855606 -98.3376612838
-178.375062796 -118.124955325 -89.7021761578
-154.664044852 -153.185456177 -498.466417512
-267.656159139 -70.7289286912 -959.371143241
-16.5536855788 167.800067756 -89.9808561717
108.558259027 122.793775604 -472.424763607
88.5937301514 136.82350199 -826.178228979
-84.890070547 19.311020284 175.224957232
0.944511504599 -8.98830239696 476.866727763
107.358147747 -39.9975001201 511.026873636
157.098150921 -29.8259914292 723.958923871
17.531345553 150.974253811 395.744958276
31.1211965921 312.155952072 189.008915374
196.009590188 209.541207641 169.89899903
-83.1669807053 -154.978295419 395.143592319
-83.2456681345 -312.841542822 179.808456773
183.804817318 -276.481633401 175.138435956
