-107.129098793 29.1330862839 -91.3450737993
-182.114236051 -112.142612976 -82.323225012
-157.758847679 -153.212446339 -485.081521131
-268.915864916 -66.8896150339 -938.038903888
-22.4760339262 170.408921384 -82.0641515143
102.979469756 125.777380534 -458.504379874
82.2678248022 137.696559744 -806.68030481
-83.1768509649 20.0963261738 175.991903682
2.66227677709 -17.3109614125 465.614460691
121.387803677 -48.3876517371 495.013912518
210.360842075 -41.4492401669 707.528716445
17.7278439395 142.550107523 394.572964105
18.1646628405 311.871900163 190.496847033
188.718161372 206.827628601 183.605127945
-81.6005738275 -158.456305766 391.153636323
-87.6061964477 -299.205646552 120.109435486
177.59067133 -265.796429368 172.293360003
