-110.713211791 29.6465154244 -90.6656200908
-185.819393131 -112.229955667 -80.8581091909
-160.338931191 -154.061792574 -482.267126897
-272.320362108 -65.6028063625 -934.465753996
-26.4421313861 171.523117342 -80.7245617759
108.132577019 126.926271236 -456.008802181
78.6629792553 139.544872821 -803.249678713
-85.038517801 20.2447867144 176.479144317
7.36456353804 -16.9570327068 465.932871923
121.567300245 -48.1739736595 494.9997938
207.352832929 -41.0057634555 707.542507474
15.3781099427 143.133343071 394.694627691
23.7996002184 309.761128461 181.874035773
194.612987222 205.296007654 173.577587783
-83.9670574183 -158.897453114 391.708289123
-81.5406243437 -301.461199832 121.070417037
175.124849502 -267.587874841 173.403767313
