-111.086649646 31.2129040969 -75.4602507536
-186.10581041 -108.719837092 -63.5679910467
-161.719899718 -151.798232156 -468.292460434
-273.111065381 -64.078300647 -923.180725496
-25.6414068364 171.145762796 -63.1192372608
109.436573115 129.504979442 -441.393360399
81.5183965255 144.116816666 -790.437781208
-82.2519257924 19.7429340286 185.273716009
10.722608612 -20.9849724103 480.812957734
126.603307501 -52.9935294943 490.063906017
213.630991327 -47.6689903217 671.116382519
18.6987893682 137.27930715 409.645151458
22.7668862291 306.79693401 195.929702973
186.445867288 211.004666998 117.843683465
-81.3338561098 -159.94665996 398.369486846
-90.1901203748 -294.962916814 124.383337294
174.882046407 -267.554254525 116.644825605
