-118.168851815 42.9247156742 -77.65283568
-199.10406401 -92.8998593253 -71.459256195
-173.226220833 -144.646406862 -469.292247294
-285.275441581 -49.6886810633 -935.686512857
-29.1186337648 178.749456515 -69.9225339134
105.94769718 121.48356443 -383.516876221
79.2064237564 139.158760009 -794.777990332
-82.2001722469 24.7649718417 183.92741628
9.14901837371 -25.5606324309 435.381904282
132.220000826 -65.3328228086 484.708414187
215.497095953 -58.5302707881 678.923177192
72.4346493425 131.644315977 415.213938625
27.0720351158 302.025591551 200.25528839
196.021491393 192.555316586 121.534546581
-87.9461914003 -159.570930496 403.67293238
-100.276476013 -288.656585345 126.695065061
169.618616532 -268.962357542 111.220527131
