-182.254227963 143.495435017 -67.0861141797
-263.328519269 49.6852011948 -39.7110130407
-79.2152106396 -226.292125819 -381.067769296
-242.452551284 -81.1361216799 -805.612277041
-40.4955884617 237.305828165 -40.5120956831
120.477266927 -5.35242200269 -359.099403847
72.277479285 78.3391522238 -667.066991663
-104.741467764 84.9187238085 171.242298341
13.977372574 -23.1149039678 417.364507948
119.846575729 -89.1958840962 429.085144858
198.400317643 -74.052323096 626.934154057
83.1239484521 96.631758019 387.916404539
46.7858592991 188.168051707 125.521247653
108.230856029 21.766725365 49.7180376815
-83.1040171847 -111.336772089 340.880890645
-88.913027333 -182.540473851 75.0264297734
154.235814066 -165.665505188 60.5936315994
