-178.449917338 139.321184745 -55.799920584
-264.515235711 40.2020629156 -27.1754089689
-78.0508030828 -236.431723796 -372.085643703
-245.729414839 -95.3097578747 -805.840383683
-39.4220984824 238.440468236 -28.2325252123
180.740726703 5.84094541962 -289.07356321
80.0828192189 73.8896531501 -660.208901732
-101.901225374 81.5045653991 174.138820599
15.0201064948 -27.6575439974 419.76194015
124.185818774 -90.9938917156 411.869835621
211.199277616 -79.8700018625 588.369060719
84.8840801482 97.5561784516 350.429228765
48.0271740104 206.853950483 137.46438644
109.179974472 60.811437569 59.5106372859
-84.1796280196 -118.409804196 349.832131354
-100.266775154 -183.059003148 75.1617400533
83.0297967227 -167.2283609 -5.83769262359
