-196.842525197 122.940220526 -29.7810934909
-276.975034042 12.9124885586 -0.864489094145
-86.0721641035 -229.063308355 -353.201813409
-262.249850044 -105.027602227 -791.586934879
-58.3779575393 232.968101389 -0.737637097116
170.009174981 53.7384675516 -268.008213108
69.2637703716 108.166049678 -644.390684985
-95.656496392 60.9378271742 186.749858559
69.6645492221 -42.9940614883 381.988134114
165.890913582 -96.323163131 387.612385236
276.290979487 -94.1882831457 547.222692884
91.327680352 94.1497983775 362.583284127
31.3159653881 244.424537342 159.709390977
92.1708849742 120.41808129 2.20770507787
-70.5534231637 -143.015788999 360.934159155
-108.149448014 -204.978594092 94.383970781
62.3348722154 -179.566955984 -63.800799957
