-220.003329294 105.738683503 -25.005769968
-278.41705398 -15.2062089491 3.17398303953
-71.5665544045 -217.565519437 -345.447442312
-259.703821588 -105.41205772 -776.521432961
-121.716145455 226.683655678 5.53928311242
163.331082178 90.6751242901 -257.878439087
64.6023145961 121.397474092 -632.37706614
-103.571134907 48.7921027479 188.765783552
73.3797622789 -47.4867193023 381.066416006
184.683879373 -90.0499558407 381.145619391
280.898520328 -91.9597706133 544.456464377
88.5825204543 96.8869234463 363.769111566
22.8971036773 252.693902395 162.143747647
89.7348820176 138.594717666 6.6143980329
-14.5509970912 -156.290614609 357.984392042
-102.161520118 -217.274940961 38.4395401947
64.6899072096 -185.513565289 -64.6514390369
