-207.686340818 121.669417023 -62.4778729528
-259.150274868 13.4611480361 -12.128644119
-106.311436001 -230.302150282 -374.755058215
-305.906196378 -98.5062109967 -826.655802665
-83.1438781313 229.877827304 -66.7740709919
150.085065903 48.7450120233 -351.288448005
35.8956963382 105.681020134 -678.334303244
-102.943000409 66.0332399063 182.730582815
50.0072819272 -33.4937419587 408.968595356
166.858502381 -86.5496801951 428.319154994
261.881896643 -77.7081302202 628.91889052
72.6298490135 100.140216596 379.256059433
66.2363176302 221.308412469 166.736137564
81.0165784123 85.6774296 7.72660038345
-41.8738621427 -136.903787654 380.41604209
-46.128529711 -214.345006634 113.821909371
124.761491461 -165.319818908 8.96587101126
