-143.155538724 21.9814568124 -47.0323560521
-226.628037368 -120.446431664 -24.0199685473
-129.215524993 -164.050524374 -427.881045503
-323.129173962 -81.9567732193 -889.974916781
-72.5625819639 164.409437446 -25.758591969
136.667503649 136.929594867 -401.103750658
43.8762882987 138.514454889 -753.473342477
-76.5460983653 8.71709830727 200.190151624
52.7430831381 -18.5270431042 462.396630057
175.015188383 -42.0169254491 463.598273497
273.111596886 -36.9703243644 643.210487424
50.5961437784 137.28582493 388.377185628
-25.0862591051 302.309050883 164.409269567
71.2573799227 242.567029781 -11.2709053853
-28.7523084325 -162.108434373 388.503415499
27.6608510529 -295.912389326 169.700421509
149.461039129 -238.671185074 75.0199865103
