-245.543933586 116.024420492 -133.544012761
-298.783983057 10.7547161192 -123.794120426
-153.549469258 -216.963415112 -470.599810913
-357.06513267 -84.7928143027 -911.224785699
-138.783471579 221.294321244 -126.1936915
84.9090818271 69.042097467 -389.33109991
-33.885041539 132.672662439 -766.637079192
-143.439151896 65.138883642 132.143483448
-10.2984810702 -10.171776909 351.180537775
109.125233317 -53.6884965779 407.446414378
185.509291036 -42.6827673626 568.689065285
8.88007134583 111.78586548 328.186497048
119.557039111 202.110341074 218.947116723
315.780708758 -5.10917060457 311.157121615
-90.5910447985 -113.98017393 330.978035851
53.9394151364 -293.58352659 214.07929963
314.381016956 -203.74208137 305.329233295
