-105.382570812 25.5598506455 -137.391554359
-196.036063821 -113.575589112 -150.856661134
-186.708982504 -141.819419048 -580.190893705
-386.251990332 -44.5191066659 -1049.20078765
-31.6453910331 164.69538757 -152.050002555
89.8464639048 136.094946844 -554.510785141
-22.8292623217 174.370505557 -913.371499179
-73.639821751 15.134614267 152.29478074
-1.9665738189 -9.98337652474 424.266510994
110.183925109 -43.2869943546 502.673750264
145.143702779 -30.8441738505 682.020435952
60.960534753 147.136151892 403.88535043
109.947172041 316.593432159 287.1961307
268.022827879 204.444921456 309.21888611
-93.3834562288 -155.697015087 404.248196753
55.4300067442 -365.556315812 293.347640521
189.471012004 -297.215445304 393.026114518
