6.84852297921 92.9098807731 -84.8160636531
-102.100829878 82.3390994501 -55.6822302607
-237.54999419 -115.70790003 -444.104948104
-324.688582801 -1.60419617984 -850.912107563
144.139756219 103.480642223 -51.8215522406
301.926836721 -111.278703167 -437.76720194
385.887231664 -12.4335102436 -850.472284559
-6.76590117181 107.619742557 169.759294544
-46.3541590134 50.3862503405 391.869940998
-30.1039137559 -54.4131288615 497.312666257
-49.9277057232 -15.9670986278 703.237502065
140.481270267 69.4636331993 434.331742883
333.176373297 27.4091401907 228.70944882
235.181379794 -121.989567622 151.895370801
-229.441579019 53.097880056 362.418908262
-289.294794835 -2.78634532629 134.903517725
-261.435202491 -151.468343909 55.0582471738
