-81.8180808762 24.1722041766 -113.114680035
-157.63990868 -106.722282859 -108.323869111
-145.027453692 -149.342065721 -511.499406897
-321.591256976 -46.1553359541 -960.206017164
11.7773415534 155.066860918 -118.248012242
133.964585046 101.124936229 -489.073278191
28.2237498302 138.793717204 -829.629327391
-70.3885166074 25.1734290201 159.578038929
17.9760269146 5.48688308853 441.662540723
104.605956678 -33.8673634306 498.333975022
161.99047305 -16.891713886 690.229054781
40.0475336927 153.684751196 366.676004521
63.8340141714 295.904288441 167.104860254
229.567191658 157.645308159 228.893879675
-120.196726333 -129.695571976 422.626102496
-128.478391231 -307.014231228 234.08723073
185.552821025 -282.887941177 252.054224514
