-79.9927909329 26.5122897829 -112.619396513
-153.619528365 -108.191881296 -114.13820298
-139.136934017 -151.035266626 -519.942886858
-317.949327814 -44.6698452807 -978.540680592
16.3369853758 161.21666808 -114.994427887
140.983373558 104.993617974 -439.099333533
37.4796044957 136.248454258 -841.217939862
-67.6931950015 23.7136293373 162.41805427
24.7861376282 1.39032820482 449.772094803
111.921983066 -37.648041071 501.474361427
170.812751741 -21.0434244567 693.845965527
46.5433170019 153.518808616 367.105858084
68.4148836886 305.02513284 165.523491577
226.508543122 181.91136352 224.385562973
-115.752526838 -135.957753935 422.981536228
-130.423479945 -310.973775754 231.765145354
125.016200389 -296.674118573 236.368319446
