-123.32472602 44.9961593245 -99.4856720446
-208.48135311 -92.3438109532 -95.980743435
-124.536889307 -162.349071616 -481.714609727
-295.060690707 -52.5190987348 -927.644146556
-41.7968571445 182.33630901 -96.7133934756
149.165413995 105.959946355 -403.175334968
47.6986276437 128.989104527 -795.127697244
-89.2313129852 31.5989875823 170.491495715
34.0490923895 -9.23021927451 448.762222446
121.560116269 -50.9032936126 489.54489658
178.950341318 -37.8526831875 684.648093711
48.8076687191 146.804361285 369.159258683
68.9369658779 295.587990751 165.496778883
229.483688293 167.416404603 158.091129351
-103.625088082 -146.34434125 420.396412422
-116.637344611 -299.790544412 170.499481445
133.046424781 -282.032945938 163.478736603
