-115.012314468 41.9429794896 -92.9014531809
-202.108361501 -93.7492840129 -88.0901801242
-181.445140961 -148.31476912 -489.858469439
-296.739519912 -39.5752900316 -942.537258184
-30.1243225075 177.635403674 -90.0166958986
150.421912762 110.758612886 -466.746350461
58.5117722049 144.223093327 -810.632786456
-77.9005944433 29.2254372576 179.847831178
47.6915648153 -15.2518938963 458.507896101
136.215778978 -57.9514088433 498.324746525
204.728824216 -45.8675130576 698.972919255
69.4664406464 141.869964203 385.164697827
76.3069652411 294.841314409 178.628995
177.704419528 169.509484963 158.999355794
-93.5280729337 -151.439314276 437.093611689
-116.050464442 -302.156933369 175.182115739
135.163982877 -274.190669901 165.81406111
