69.2237993653 89.4114876627 -52.9667200273
-67.3349234461 158.448664248 -69.6020582403
-182.830168256 51.2642528206 -401.720943286
-240.363142199 133.115503889 -795.64813735
157.757009205 20.3743462738 -14.4450969318
361.061047649 -49.6201828123 -406.926399928
552.383989772 149.490814223 -781.548286106
35.088825495 51.2355395495 187.623047615
-59.2275218062 -34.1768027258 405.171698296
-115.161449742 -116.258637889 460.335910718
-152.178827558 -105.884292144 654.396565511
110.554324642 -103.804364878 397.307823953
299.513490579 -219.278105386 198.927284154
121.662116289 -344.804793715 92.2644344085
-170.88216942 73.641043699 379.350627696
-279.796483331 197.448822353 112.157744843
-450.318742114 51.9873173858 -3.01554655101
