-117.893435941 48.1190706898 -82.776932474
-202.829697613 -87.2542455881 -75.3441524498
-180.479051414 -145.347748082 -463.762536897
-294.390155924 -31.4470432708 -912.124185611
-30.9912970231 183.492516837 -76.0193727598
150.902971914 112.812457445 -439.187565145
59.0749120435 147.538438575 -780.391336339
-78.6423273132 30.6850728665 186.230581111
48.1142167594 -25.3771635762 474.270783819
136.865127234 -69.8241259474 499.403398703
204.224537946 -60.3946089685 713.73347415
70.6693201648 132.67613102 402.78636507
74.4596517223 289.579609547 186.357574741
176.307153668 169.557928066 108.081090169
-92.7796887562 -158.640945763 400.253153697
-116.316442601 -287.56371368 126.408180651
134.033569148 -268.072174551 98.5239985368
