-130.229365252 59.4863874104 -68.8220758047
-225.711927182 -70.6073790964 -53.8070716507
-134.910213822 -149.729906763 -435.523368093
-302.898011704 -35.9735324681 -878.591255703
-45.3274078236 189.580315996 -54.7849543139
137.427127481 104.285257183 -411.766756395
40.7387813168 146.756632067 -748.780405091
-81.9706483969 35.8016223257 186.033009502
38.5747028325 -24.5760722004 432.474744105
136.809568867 -71.2160001148 477.10035924
193.242514146 -61.6416265072 667.331415012
112.359984301 127.269155747 402.612524328
78.33549654 269.919962587 141.553747717
228.635473759 143.121366758 116.128357381
-103.597555716 -150.932709603 410.126255015
-133.542283674 -270.560707344 130.551265676
116.673319591 -266.814651987 49.4122498818
