-123.433940575 62.5225710988 -58.524955336
-211.210218112 -64.6962256989 -41.682551115
-118.89193688 -146.148012795 -411.615724713
-280.683913919 -30.5374854586 -841.082472192
-40.8059094781 189.741458679 -41.5471901192
146.67986563 100.132221294 -387.180030039
52.9501139087 144.900780198 -715.067905136
-76.369868527 36.4463607188 187.96557738
47.7738359328 -30.9674635354 430.273975849
139.469555065 -81.3974002463 467.011444005
199.049466488 -73.6234698375 658.427786614
120.423135123 118.456777045 401.989110923
71.2551672873 265.812444584 142.074868085
166.997513906 135.161335645 52.4623501491
-92.8602944351 -150.563916055 399.742077235
-178.52678653 -248.59618526 77.0754011868
117.849961112 -247.316805336 42.227532272
