-262.794824006 91.0897337775 -110.858186289
-302.493569186 -34.4771171173 -93.3615238968
-96.9934517681 -233.154360947 -425.610951709
-278.452534137 -133.341250644 -856.795114608
-153.024867685 216.656740892 -94.2891435352
75.6384098372 90.1363685598 -345.245541545
29.1287373461 102.235546093 -715.958563965
-163.421576065 52.4194723232 148.561274366
-19.9263877739 -6.59184129355 419.860083897
107.416850603 -42.7431185592 428.204887473
166.581768297 -33.4718774131 590.481764037
-10.3808348725 132.03132128 349.883583325
75.1366868887 241.948337262 156.708207213
290.293126707 64.36551101 159.318715539
-102.796326078 -131.140610865 351.44101764
34.2809002819 -277.176497549 157.569557459
293.008342388 -194.88072241 163.288900129
