-258.385932399 88.8555213979 -122.03093893
-300.14585664 -32.8748638837 -107.361754163
-95.8400492333 -226.623459271 -441.257204135
-279.130756226 -128.186560408 -873.971349663
-151.770124612 210.586065983 -108.258101523
75.6212971254 83.7177822415 -360.827710637
28.8987725255 99.4700892604 -732.966858595
-163.062627651 51.9747518911 138.448576277
-28.114605175 -4.39306432073 407.367582053
99.8368412575 -39.1321177344 420.482306287
164.109284133 -29.2544941927 577.908103078
-19.4008552146 129.626592559 337.355085665
77.8984619407 236.726204354 158.113266033
291.238254671 49.1733580772 235.107367028
-97.3426928272 -124.389121854 339.097033161
37.0629287762 -278.070034201 159.506921001
296.915941003 -184.148675632 238.854309468
