-252.540293726 149.541265843 -148.544772847
-315.25791372 36.9345403053 -145.278205403
-119.900029157 -206.822652675 -467.466727844
-298.480798506 -45.0550246478 -885.767063321
-154.990724646 262.148087883 -139.977732234
54.1327685409 83.3394503684 -386.043771376
3.48432726929 167.565657913 -748.865098984
-156.401114366 82.4378131377 126.368622158
-41.0562723154 -20.4133914993 367.05530296
78.1422774058 -77.4154796938 417.327420247
132.843442947 -65.8767550917 577.761598473
-17.3205248925 106.683605286 349.072688672
273.150690149 164.081673181 306.852463205
337.212447658 -56.2719669939 280.884105645
-123.770728763 -126.702000336 296.802954203
7.61662671296 -321.165832861 180.279611646
262.336688946 -249.283399661 259.728592178
