-215.23420117 116.534359617 -164.660078226
-274.406893943 12.7589707096 -160.706627382
-68.4728000029 -235.061512968 -502.985444111
-254.251229534 -102.239386325 -936.937052782
-110.385540766 220.30992755 -162.632253945
106.088621173 19.1841951084 -482.716442889
47.9683769907 96.1702842736 -799.501176264
-145.811624424 77.6615283252 123.785721487
-17.7853624811 8.77844942153 383.736930634
73.2977733371 -43.494306788 448.170512309
123.143901736 -24.3470094141 605.359134273
6.81196437778 128.99458465 359.516179336
121.331746426 201.941135531 252.428620797
248.508422851 -6.72429249504 338.376411007
-146.713492863 -94.5684106617 355.536732291
-12.7157496963 -282.24592772 249.01484671
230.878035926 -194.794740058 341.786159749
