-165.339938786 121.365730611 -153.143670705
-218.911562161 28.8460674051 -147.151725131
-18.2253252159 -234.41509048 -496.000528732
-258.890522444 -70.410495901 -931.617953137
-47.1463759469 213.885546949 -147.757337531
114.643647656 -26.6978389898 -473.862108278
54.9388207446 97.4588305004 -790.221785981
-114.767626794 83.7318470705 131.579612253
-21.0012393645 7.03060164021 402.232900052
70.3958968656 -55.3998632584 460.872543925
118.13511431 -33.4884852418 626.867928642
8.40293764284 118.719388322 372.219383163
113.416759596 191.045310251 256.804566565
230.136956407 -0.763798453205 289.810291977
-109.163028152 -80.1296676018 372.503779717
-106.494752707 -232.516035243 206.885268099
140.158569764 -201.502373663 287.009483135
