66.8156138122 108.988203942 -53.5717890289
-51.0253110955 158.689113297 -24.2568590271
-147.496444631 -0.291621884014 -389.670993964
-260.254957292 74.9162586803 -778.796676866
185.990251362 59.287354993 -23.8758052475
307.635748105 -74.8937271427 -457.314792202
405.689641847 97.5860211812 -781.946242822
44.1881734232 77.5077458615 187.154490453
-21.067973861 -9.80923446432 390.77720079
-75.9719676777 -102.434202938 473.34689267
-104.927165122 -81.0199165004 685.102892571
148.53881755 -60.7274219564 430.927452921
319.747470499 -164.131980811 179.19808919
93.2660364958 -281.774403097 87.5968618255
-187.892984429 74.13622702 363.37816762
-299.320132128 143.440854085 95.1441039609
-388.882997313 -25.9002549365 -14.2750042776
