-99.0133734224 21.6494508043 -121.744100324
-179.297246588 -123.680262737 -124.355416182
-83.710775789 -168.028686193 -518.994297698
-263.209937312 -86.4567369182 -973.261157187
-21.6530874493 166.979322746 -125.246142657
114.825414845 116.350661833 -493.789102387
79.1125462179 122.184469538 -844.557251363
-88.9291196453 19.9114163813 160.606015022
-7.24579011011 3.93456149779 450.670286482
99.6844739889 -25.8512692465 511.727035301
145.478992525 -12.5136955363 696.087501078
8.33170176603 163.608315939 418.935089284
26.8103666156 320.150657306 166.695195435
196.941217185 207.192957542 234.320469097
-90.1806777776 -145.769633891 422.926763302
-90.2942338976 -323.368048516 229.298747097
164.091509827 -279.970879715 245.352080405
