-91.8742877352 27.4706548058 -121.57479143
-171.482764174 -116.435607166 -128.179877147
-72.8144044577 -167.514883673 -518.032855777
-249.810137782 -79.2588149514 -975.968372439
-9.40898151201 171.377099335 -127.342954985
126.268675686 109.03127253 -435.911925881
93.1220459041 115.940949175 -842.240119131
-83.1771964202 23.6027313571 159.740510796
2.44812964515 3.46298798334 446.310660031
105.163304491 -32.0095836368 507.3021031
155.666155944 -17.4753660895 690.876888602
20.9702154236 162.83444749 414.595666758
38.3542745739 323.954446893 161.74775202
206.329589729 212.007321862 218.201086675
-85.2693802235 -141.993569638 418.801079507
-152.603850957 -316.583908823 225.678945814
98.2304322442 -299.476259067 237.555075967
