-81.2214472206 23.3457223582 -115.539750263
-164.297306204 -119.249153988 -118.661386072
-75.4606477679 -166.29943031 -519.696290328
-244.742068982 -78.9776116394 -979.288938495
2.72161362979 165.940721923 -119.808132953
137.570153615 102.133050687 -494.623293318
103.173397392 113.479331565 -848.925107142
-74.54704783 23.3833417309 169.936814919
11.7302983402 5.83012370406 463.392996244
112.208963328 -32.7556900556 523.958028112
166.910005404 -16.3158908545 711.809430927
23.6586093052 164.525402515 430.340523157
31.6729653579 323.598316579 169.300319474
137.377384827 213.599780203 155.316500287
-77.7634474837 -139.46086693 443.342986571
-146.834936693 -310.58766426 240.51337327
94.2839792881 -285.319436416 240.181099645
