-83.2466545845 26.4967764261 -106.894299384
-163.186688078 -116.071605035 -107.613954394
-73.9712671534 -164.116303899 -503.205365574
-241.436563058 -75.1707646785 -956.588275446
1.20448047855 169.065296478 -107.888677156
136.603588466 103.00934107 -477.143557791
102.215036604 113.64041822 -827.321874673
-75.2477934298 24.1874005077 174.329866658
11.8088267665 -2.91469291592 467.347699886
113.031395701 -39.3152643422 523.434633996
165.361432624 -25.6319643852 713.309205702
23.4587933059 156.874813149 436.035117071
30.9630055539 316.936562428 176.332398448
136.202072137 209.181650109 163.307996184
-76.2150541584 -145.748267871 444.756903286
-146.301316232 -292.723760503 179.154512417
93.2936527717 -271.403357804 167.804067621
