-129.043970009 102.40918706 -78.7538289769
-240.754858382 -14.6490468733 -96.5538451873
-140.854181877 -158.991948307 -416.250742832
-241.572323758 -35.790593111 -864.350234451
-42.9436680871 219.467593674 -46.3194580134
144.670034103 70.7100766905 -392.346026889
100.2057571 124.298422541 -734.151530951
-86.3591435076 68.3572175009 186.626949364
23.0108953824 -20.3209026875 448.857495911
115.369475741 -90.2280377448 491.688055341
175.615368891 -74.3647206662 687.59603297
121.412114349 120.324547802 417.276128157
209.069190426 220.402192115 153.865438032
231.965554155 60.7942219825 63.9087584638
-132.801172281 -129.973624537 419.095351546
-226.750862692 -236.449727628 143.306152882
19.7281527185 -259.985025889 -19.0555493351
