70.8483408826 94.9818734296 -43.3937130443
-49.2345814747 160.792271084 -11.9161196836
-153.503516347 32.9644815653 -389.967366844
-275.013313026 98.1184539215 -789.306216291
182.671276231 29.1715371768 -13.6998195275
309.618389974 -59.0930820748 -462.68264577
416.299274169 111.76810733 -791.654458634
47.6458907036 59.2713052186 189.587917793
-25.3940420178 -24.2300334125 402.045302613
-85.037240324 -109.114269275 458.591796964
-114.041402109 -95.1246621731 648.93426502
143.340222043 -88.4830673337 392.177132636
318.190061812 -195.719652354 183.741165895
87.0924245523 -310.376462567 101.492906023
-189.69316248 76.1381831963 377.374580493
-246.037115406 181.130456962 109.602806319
-404.294515933 29.8152924871 6.68748668898
