-174.930050081 181.096120134 -76.4139698755
-255.033427399 81.6969904389 -81.1970938103
-72.7870920789 -222.12906968 -361.892920796
-223.450928388 -39.4279341291 -783.778404757
-66.4288533875 280.495365061 -30.7068252339
137.947996096 16.5747692923 -337.297421115
93.1275347713 135.497079927 -646.232461023
-96.4407132583 96.9784241504 166.158614944
17.1892656675 -44.2143837684 414.317742563
112.850033721 -126.030107222 413.540884799
207.001550265 -115.847743379 583.054034813
111.002741538 81.6820600803 348.967441391
197.660529318 173.849825962 206.299715157
203.174479383 9.19857510336 71.3874335138
-131.340717832 -125.227757717 343.589640727
-219.629693315 -204.277347258 88.0685172037
1.56661545193 -231.569695834 -11.9462730914
