-175.295179516 178.781542765 -55.7929485616
-253.517355537 83.8810902972 -29.3806079161
-119.934857301 -221.875746472 -367.49210759
-226.942925188 -54.1231971252 -792.160445299
-58.8663526638 273.682137536 -26.735418382
146.299445408 19.6249180632 -345.094085617
96.2837761793 130.876837086 -654.759581749
-91.7675981437 93.5138712494 176.350912631
29.0099409603 -47.19745437 412.240818302
121.710690662 -126.781885105 405.116701102
221.892491239 -120.073725981 578.562439702
120.687642801 77.3192183165 346.325167865
153.153759782 184.223148723 200.248774157
203.442019424 24.0353993657 63.4259631125
-118.586924694 -125.424736366 342.504556707
-207.636987537 -194.538624225 84.3377070662
14.7163272095 -223.286552878 -18.170107876
