-199.941006164 172.871189264 -80.2426645881
-269.150574378 78.4475963762 -55.9317374096
-132.36184428 -221.104378553 -442.741513145
-235.746820072 -78.0943766067 -863.416678287
-92.0488330921 267.294983997 -55.5789940842
111.795138883 14.7360560216 -304.747976395
74.5195180896 83.5757039873 -663.404229665
-118.975169577 100.098504987 164.562083881
7.85951395008 -19.5930099849 393.862071678
107.388654693 -92.583562794 421.967902586
192.587028567 -75.576557151 604.006657154
86.1503525374 98.2033708219 363.728871716
118.074212994 159.325766818 121.529125109
183.384168182 -25.0245653553 109.795739426
-128.43469551 -108.088495536 365.293004496
-76.9794786799 -220.728465725 117.073513839
160.352312934 -205.634137157 111.98809777
