-239.727230828 100.18351524 -140.120853647
-274.898015506 -9.24694545143 -133.017438071
-125.695201786 -218.216801823 -489.799100712
-261.582290873 -131.300075284 -991.590653206
-126.795671316 209.614211651 -134.021452674
48.0316551737 48.9330056842 -403.879867973
52.4586469913 78.3322414941 -788.139665378
-152.762382718 60.3664481761 142.110187066
-3.75107482537 -3.22534631376 403.51319906
101.732536715 -43.7743619351 450.857840457
142.34857752 -30.0210393554 624.106948944
6.43866746072 121.40252484 379.020106981
54.4318143791 216.288554771 202.191102864
246.937025706 37.8244790879 283.924140321
-80.9390997526 -112.733019404 374.713306505
62.0163878528 -261.353446639 205.565049936
260.99857919 -157.899345706 289.827196393
