-210.294370885 -159837.536135 -163.603156014
-259.846624828 -159936.214085 -163.493888349
-65.8906510673 -160171.75994 -505.448778862
-250.294611818 -160039.359875 -990.717857125
-100.111758212 -159738.857975 -164.48733007
54.4088837418 -159935.067929 -480.224591193
-9.58778801761 -159845.643747 -795.928772269
-135.236862144 -159881.010878 127.078905615
-4.57042885101 -159956.46553 420.926528479
82.5253993881 -160008.591398 449.004904497
133.586090252 -159990.931527 591.967296217
12.5548677445 -159840.650828 352.85900414
132.361710425 -159767.449564 298.827169881
247.067725031 -159969.462679 339.522214759
-130.542036106 -160053.285942 346.433344853
1.28728233119 -160230.28998 249.444018321
239.575835594 -160140.783835 338.564521964
