-214.073810139 -164313.028836 -179.14601537
-230.475870922 -164413.243581 -180.240062007
-81.4278216664 -164646.811283 -527.613233368
-274.579160963 -164492.26345 -963.731717585
-114.040348556 -164212.813904 -179.842296801
42.1548916908 -164410.6306 -505.30050714
-27.5355740336 -164307.472768 -823.602323289
-138.602446677 -164358.59443 125.202593329
-17.4782088029 -164435.610666 426.699610242
79.0391992935 -164488.740598 471.842748258
121.083649611 -164467.43722 651.760333018
8.5279348901 -164320.382692 356.881152788
177.868789493 -164269.866652 299.885853435
249.766872978 -164473.5492 340.032791814
-145.546841862 -164535.777818 355.987079956
45.849272237 -164718.028503 246.928393204
245.830870024 -164620.27494 338.27283702
