-128.904707692 20.9778047514 -158.701629123
-185.018926682 -129.782797899 -178.534172678
-99.893389082 -167.814417543 -573.452284799
-279.776784655 -98.3148051627 -1026.4118341
-93.14216197 171.738503823 -177.632492481
23.7350504736 156.030181901 -546.946742768
-20.9367344609 150.683193625 -898.283158546
-105.578625158 13.1015599165 139.554373755
-16.8585035974 -8.66344065294 451.341490948
84.3560424601 -29.5949507161 505.428754064
132.40706439 -23.3998703768 695.396121178
-11.5815630445 157.407429146 382.910792355
104.248554971 342.4801837 326.746760548
264.865557936 213.87663856 360.264734119
-139.598215211 -165.54184856 379.323724325
66.0467416231 -363.039655105 264.832580456
255.503309413 -266.839154322 349.745854501
