-84.2450228814 26.3230975127 -113.644791694
-140.954874096 -117.854108042 -113.643348866
-108.280093558 -153.193366656 -571.06384528
-226.497977284 -69.1815856502 -1028.16679267
-30.9049382534 170.500524436 -113.824452316
142.043988105 122.501523668 -487.343128689
46.450711777 143.514279388 -831.45490242
-68.8982357057 21.1282377157 169.59706422
35.3168646615 -4.1786895485 456.98266563
122.96368561 -40.5165545164 512.924707232
189.116469729 -26.49714926 699.776334775
46.2343669415 156.208977371 426.438120185
62.0805041607 318.232225319 177.996182041
163.939514315 210.496811887 241.108730893
-102.724034222 -147.993536808 429.634005013
-130.869515176 -321.73306164 239.998273358
55.0490129184 -296.854518416 250.473146671
