-153.818397107 132.326259267 -112.225419751
-207.413866212 46.8559685122 -97.8312040942
-71.5533824312 -248.030249142 -437.944363004
-186.749856151 -99.8065122423 -914.702488025
-33.4801464322 217.796760936 -101.190749847
163.028037518 -42.3486788778 -415.646771186
59.2430790861 49.1713504564 -722.878807142
-96.3273131373 89.8368389598 159.539360965
45.6131792692 -4.93874699735 428.878445666
111.3052246 -75.2500851977 462.363818577
186.105397006 -52.4266694306 644.956722925
68.160115822 105.958635185 396.401500617
27.7121744282 191.602119785 150.743926259
85.0447484199 40.7130317374 141.39820443
-89.4477527026 -85.0847637583 407.824467711
-111.401325941 -168.912907335 163.022335563
65.139598403 -144.638592114 157.095148834
