70.5306309533 83.8777537266 -48.1298324672
-43.8425025306 160.096715883 -17.4834190047
-158.638079501 46.1802155793 -395.088293692
-280.591172273 107.498529821 -799.648291361
174.592454064 7.65888926009 -20.2654380575
301.292789712 -56.4297583354 -474.939533305
408.392882663 94.6680462823 -863.706274241
50.7788480455 53.6745328451 186.997475337
-25.4745058558 -23.6690229891 403.934319044
-79.8622128603 -102.441127515 458.365097392
-114.984747981 -90.3810693727 642.029329063
146.877724178 -97.0785653388 384.642756763
310.297556863 -212.163784919 178.420218451
77.7989299047 -318.371589026 95.2491832879
-135.592256983 85.1810601147 374.935845044
-249.667241858 197.073860626 174.452872913
-410.461830421 53.6781364442 83.2578073447
