57.8604311879 82.0521210367 -89.190672068
-66.2282625357 144.239118404 -42.2186297976
-179.189314083 -32.662952734 -415.566296196
-304.283530921 10.6363857345 -825.757811932
170.607558532 19.8652200356 -98.5332045321
290.976052231 -115.611922054 -489.885463416
325.212481807 42.4331350473 -821.541974583
55.3550891543 81.1498774306 174.002945729
25.741955158 19.2898950235 412.054518255
-51.6275594417 -71.8802646833 505.402631166
-106.242254823 -44.0032390517 717.387855844
207.809694763 -44.2882063841 443.379703019
331.048457967 -152.125567981 170.577842844
147.936811166 -282.450412143 83.5867981324
-148.216191949 113.031323208 387.194993776
-263.729954775 189.762331665 165.465151369
-431.443502563 27.517017679 82.3996917951
