41.1621894952 88.1442315439 -105.417336563
-88.7833852875 132.038983789 -70.1151172358
-196.599032365 -72.9005524752 -437.38428814
-321.199186666 -9.03756203873 -849.447338024
151.854120251 44.2495189888 -124.034312277
275.552095534 -125.265315273 -452.05174502
366.197569659 29.8643763146 -841.193390888
42.6799745795 99.1050892985 162.177118533
20.8783903982 43.1969139182 440.973583825
-31.6075275406 -54.1202738222 512.202801174
-51.2371716232 -14.0226830982 700.706711871
195.534173095 -3.72463707409 417.970942362
312.173475487 -115.905452072 152.460953523
134.522109049 -251.037146804 130.920031421
-156.734490369 113.22211006 415.781465024
-280.652543872 135.381312406 151.375023984
-361.506123312 -47.2494542234 140.91489795
