-162.350365327 10.8974747533 -70.9851681037
-212.275686887 -135.970846543 -62.2007955941
-69.7037770876 -172.450451188 -482.692594855
-154.841850925 -142.588959824 -957.606691846
-152.676093568 157.765901372 -64.5792494342
-57.5106868327 165.416345261 -469.944831499
-158.910056562 149.872393459 -845.998608523
-80.949043748 7.27878176187 186.763832823
82.5491745619 10.7042479628 437.360548335
187.459566597 -5.26244125044 449.388654501
285.62594633 2.63724011045 597.647532015
32.7380404305 163.289568081 362.887359561
25.7490840291 324.705522517 172.36696783
241.607963088 249.300157018 103.386849594
10.8571864932 -142.697685759 423.713144366
-45.2746860753 -346.8751562 311.691117603
172.065443043 -302.85810552 252.335009617
