-116.212009217 -10.0419158455 -61.1830332018
-154.064022101 -157.395257741 -52.2293451055
-73.6585927978 -168.899731968 -485.304888449
-108.804599436 -149.543063079 -962.849381668
-110.109436999 137.311465455 -61.2026767067
-18.6766498646 153.54701155 -482.526095525
-102.494792378 128.003012444 -901.782592043
-44.7339453401 -2.98517673609 198.565792307
124.358628582 10.6667326739 440.297109663
213.320876797 11.9067103679 459.499423718
328.411577166 17.0983670826 599.588716383
11.0417868559 160.674666647 420.708671958
-90.9516224943 342.388099892 243.868011103
-6.99536643806 329.425828506 99.4102022539
67.7319265924 -146.166657373 417.624811112
0.0458724146521 -347.753741732 308.746633216
134.16529086 -311.505621714 181.579379564
