19.8591785839 95.7013895309 -113.047002636
-107.603865362 127.339604356 -76.3676706947
-259.687938285 -93.9393582389 -446.825498614
-339.329306298 -2.07365600363 -851.980680911
141.137630863 64.0631932383 -131.664553431
271.16464038 -125.004943095 -520.603413609
357.778409927 41.3931643589 -861.222425664
24.8342515103 110.847011148 157.21921643
10.7262589901 55.3124549392 435.180284902
-18.5691440824 -48.8839158741 509.419821247
-50.3956909782 -6.58951413384 693.13448251
192.439761842 26.6341376396 417.551278782
308.025894516 -77.3833215471 147.10058915
126.280149646 -210.478516043 137.548817105
-162.121937458 101.555068061 411.997955742
-292.74661939 55.1323142094 211.406360111
-195.667388403 -116.072325252 217.649558919
