-108.03281838 26.0598673894 -96.8789779701
-189.546546675 -110.73212454 -101.69288187
-103.14522502 -165.864098874 -523.277462421
-131.464717684 -111.127145182 -960.554025605
-46.0284020859 162.852008286 -105.818648258
-11.772862326 142.396461225 -521.248156625
-125.596014549 167.2732145 -838.002422139
-65.5579288295 22.8632318853 179.373789553
50.8896721064 15.532093103 475.712895829
157.552771127 -28.0020086896 494.855978399
244.650788147 -11.0809826598 646.58235866
62.1287236038 163.619608117 395.383825537
71.823923068 307.29188275 137.183784509
282.332262498 203.436002014 60.172919115
-35.9648684141 -124.584169654 463.628763975
-171.674451789 -327.106840131 351.541021569
103.36771913 -337.661249332 293.97595322
