-91.8272562325 3.14818923632 -76.7671452022
-103.539982329 -149.799834898 -73.7787743077
-12.410927612 -157.686425402 -494.189803851
-99.6652506313 -119.246367747 -919.157731052
-90.9048294018 156.0961611 -74.003694568
-7.36626837954 161.036446183 -488.413405598
-102.400023279 134.944329063 -853.024931775
-51.6823737591 2.33789761927 199.504150447
67.5499289397 3.81363817915 488.585567077
178.794669276 -6.93938547035 516.230997646
250.693539024 -1.92670347784 708.056910882
57.5582156828 162.649154218 416.069262249
-22.0336854749 321.559922634 215.640430659
3.25416364269 294.115638036 -7.23446742013
-4.78062980969 -155.582302747 461.416566719
-70.1485770735 -332.89253829 226.905163841
134.194326676 -315.627818228 142.553219737
