74.2415924171 92.1758973295 -32.856347771
-47.4814759513 172.073106156 -12.7399174499
-211.159537841 67.4703619862 -390.192217169
-207.319964837 161.493975695 -769.895235838
171.158919132 12.2786966948 -9.96182456833
310.796714939 -54.8208451947 -397.063773313
558.214322076 155.880032791 -756.477132848
29.7197770154 40.2369900501 192.543268505
-52.8292538932 -53.5027848603 386.383952583
-137.398453169 -129.956179344 432.009128609
-189.281828123 -127.260864547 616.009046359
67.2878902071 -124.803092105 379.452550213
309.561808834 -219.37636965 188.50124885
142.506466176 -338.393408282 81.1548284273
-198.956035679 63.1495452911 361.854198067
-245.092579733 208.982111151 101.818686583
-407.405445294 83.2043259444 -10.8820763053
