2.76619015246 91.1671896214 -114.936387014
-115.906568423 91.0920529249 -92.2986100611
-197.972091544 -142.264410287 -449.630128281
-325.798978009 -35.8399380168 -841.306886978
122.14084553 91.2423206482 -95.4020786301
250.246837288 -128.472227176 -458.248113401
261.055891775 -18.7046920392 -842.01458859
5.20843178797 120.521682198 145.986738945
7.23632759737 79.6466542224 410.289752681
5.81661709776 -22.8911960198 499.330338619
-1.49288360691 28.212818717 703.605011024
184.212986967 83.3765427839 383.768377596
343.093827236 5.55513657804 117.501299956
117.252553675 -150.106564402 108.709685957
-170.988432017 87.7843320108 381.216011719
-288.986562191 -13.7443924574 196.11913082
-184.093754282 -166.575309319 269.698708521
