-118.484527597 14.7496903373 -80.8933984536
-133.015676218 -137.119062438 -74.8837360645
-39.269752202 -163.575302113 -491.606549366
-126.347639023 -120.881875655 -904.27401892
-113.162642134 166.618525478 -74.381638852
-29.2478054102 165.076223487 -479.33000955
-127.87178529 147.414998219 -845.047833307
-76.1473428584 10.1473508797 191.266415569
40.7728722724 -7.57198838952 478.678403595
155.179660938 -19.1041441749 506.658900317
220.012544433 -16.9683120328 694.970749189
31.3581521949 154.046781721 408.291054409
35.8051520519 318.016063386 215.886907896
193.286288587 246.074263676 142.991997279
-27.0766956145 -160.619186508 449.417256187
-95.2708698634 -313.281796615 161.374936591
170.027856243 -287.852043953 75.9391799608
