-116.628114497 18.3686454084 -78.3006681144
-133.372486231 -133.341707537 -72.167651173
-36.4953030793 -166.571771819 -482.540942022
-122.31120295 -119.04016234 -896.121760881
-106.689068659 170.07907976 -72.7707102041
-23.7097744729 160.264875564 -479.021572713
-132.816594154 145.62082432 -837.447024209
-73.5918229611 14.0696600036 195.654846981
45.7903877088 -2.07708796733 489.999650077
160.161496953 -20.2700458892 515.32059416
224.940379884 -14.6163805663 708.054367476
40.0442476961 158.673763243 416.646296321
50.2525682149 306.521322054 168.611341214
205.995062034 229.432302206 86.9916189635
-26.1755153694 -154.704519906 462.316764127
-100.251363379 -305.522199897 173.420707537
114.798662778 -292.231549294 85.92116136
