-134.992605734 29.9491917634 -83.8355172836
-183.426763319 -120.202406445 -84.6095647206
-90.7236494683 -165.083445564 -502.228553945
-121.708139446 -110.808336928 -925.748818348
-104.373896616 180.100863485 -84.5907986566
-80.39581398 175.539088692 -501.477039772
-196.041686419 182.269046443 -864.555642031
-75.0175476011 19.0129444117 195.735947382
56.4526907755 -6.21791683528 484.285775673
170.322591326 -34.9965308588 511.662305713
239.524692744 -27.8397884715 704.086347855
62.8386624846 155.45036285 410.893617731
133.849272295 306.459096192 213.755560853
291.568580665 215.664899511 81.3058305139
-27.7973842872 -157.152858616 457.960256574
-98.9908505541 -328.469986071 223.812071505
119.224285151 -322.677228123 142.576550569
