-130.815671277 50.8452300381 -77.3416714231
-189.15262001 -90.3791161409 -73.5162563701
-96.3501089537 -154.092470124 -480.604391902
-120.531582829 -98.9523393929 -942.437977559
-93.7147505779 192.069726216 -74.2584633365
-75.0411236528 175.61108035 -478.074441727
-201.708444395 213.612644987 -832.697705615
-68.2445057325 30.8048841583 194.590597556
49.5175846415 -10.4652794247 471.090375788
168.288058113 -54.5260988721 501.630406819
231.239588423 -42.7518473827 690.598479148
114.520871669 142.927623962 403.426916284
194.933306327 268.94642668 162.356620824
352.934686824 158.791480654 85.1016798233
-37.1145333797 -146.427512705 453.274717571
-166.195368319 -307.633463846 226.338844951
36.6624942497 -338.416764168 146.703824492
