-135.609671603 55.9242419953 -87.8330207144
-201.244858037 -80.8797641664 -88.3868465934
-107.179444222 -156.870389468 -500.997874448
-132.610246195 -95.5889712923 -923.71618126
-103.572686883 192.72837868 -90.3619202905
-89.9372502562 177.173600408 -497.348080462
-212.90794017 222.735700172 -855.255467294
-69.8004786764 34.4514256024 188.672927056
53.7024881808 -2.95706845484 467.894421579
168.700698411 -53.3330700445 499.89593463
239.765887454 -39.0141622365 685.937445562
117.125330945 145.479990274 390.505010063
211.076035439 263.148364589 150.808188137
426.050655928 145.32502586 65.1170169812
-44.4062886328 -135.345160797 459.871440331
-185.539930278 -317.47184354 286.077446271
29.6782467482 -368.084488232 214.27271869
