-140.544440186 59.713449101 -88.4776396081
-208.575326795 -79.7908713187 -88.0099440925
-113.636201474 -158.168829004 -500.301802621
-139.65658384 -91.5255533156 -922.810418685
-104.258789773 199.217879323 -89.3213343048
-88.9325163734 185.9714843 -503.65551316
-211.890753863 234.66444008 -862.874163737
-72.6820872094 35.876134537 189.107985357
47.5934815641 -3.98880493972 468.395982352
166.771391431 -54.7431697831 501.258274309
233.063297533 -40.3486983941 686.902493871
118.570425562 146.640442348 391.386411067
256.522808728 258.816860471 153.798459336
421.134474023 137.430257515 67.5014860854
-50.9162522591 -139.384003188 459.958951915
-183.146417385 -331.625077288 287.169506061
24.1283543794 -374.67340557 215.825132949
