-152.936406683 55.3032500181 -87.0270898864
-216.999988696 -86.6752933062 -82.7541300809
-122.666122958 -158.361089345 -502.947262414
-150.40759599 -96.2975845943 -927.217756476
-118.543636365 197.281904246 -90.1938862624
-108.771996513 188.531994182 -498.80590093
-223.93446741 225.210539913 -866.637517962
-82.0272923783 33.5246924474 189.627544851
39.1566045674 -0.831098673767 467.776811065
162.925346836 -46.6396928007 500.619365066
225.059749222 -32.5470573343 686.313851005
107.503038256 151.187375398 390.787071012
247.536934417 257.802288794 152.613004331
413.370122742 129.43829216 75.3450072242
-54.9297344444 -142.432805604 458.680410138
-128.28804691 -339.754153998 284.078510525
91.9151401252 -358.235621542 216.404996656
