-157.602261949 38.6757088722 -89.7732528398
-211.902525045 -108.943914059 -88.8527791852
-66.6361410257 -172.499882338 -492.216291736
-147.41260881 -118.423416661 -905.926873169
-130.665620392 186.295482389 -89.2990952859
-104.457967193 179.783004615 -485.520933584
-226.455125898 192.239894089 -840.064614275
-91.1992607019 24.754810006 183.356466588
29.9557120129 3.6921366764 459.614669267
156.271843529 -27.0286390887 492.006134702
214.054348545 -16.8289515277 674.037315744
82.3545574389 159.750446953 384.852608964
177.862599224 282.651606558 153.147183974
388.119559156 161.085550035 135.570040936
-54.2315719172 -145.941438151 442.867965842
-113.569400351 -335.375856978 270.552446302
162.984184316 -328.709914195 151.59547446
