-155.510411904 10.2743626071 -87.0623856727
-168.392184207 -140.11260548 -82.1008447155
-80.3489679187 -167.978955518 -545.083206139
-168.703474814 -136.640240376 -959.726991433
-155.541110373 160.66146036 -81.0717712516
-130.855339066 177.594808891 -481.693494987
-247.503457335 150.238880701 -837.868847397
-97.9423207836 5.88842234882 186.497566078
9.66951822226 0.290981597299 469.290567753
135.583865797 -9.77268729445 503.844705963
190.465811495 -5.24044276765 684.77729643
7.96648398544 158.652605413 398.129838701
139.062227363 304.486036202 217.522173396
302.879424938 200.263391538 152.242306156
-56.7486721712 -156.391715122 447.683020789
67.6473050246 -317.099811942 219.755818779
290.40243494 -242.471926293 161.563786324
