-166.849186162 8.46213971115 -92.1734761235
-179.538186927 -144.624894677 -87.1427435575
-87.1066594758 -170.836017215 -493.617463954
-175.468605892 -130.872762183 -953.14515885
-166.473003103 161.54926727 -87.1083504412
-80.4522240525 180.268641412 -477.355202848
-189.965617878 152.277201671 -837.394078672
-111.587451015 5.42005296216 181.4369832
-2.78553080053 -1.47883330796 461.559374587
124.069256198 -9.13038178563 499.137127095
176.749738872 -5.92121881207 675.912048696
-10.835208328 159.541056814 396.696523566
132.889840615 306.161376598 210.573832876
297.05126723 200.931521705 154.203840874
-67.8358183891 -160.728330292 439.438673853
65.7936694703 -323.246769221 211.813898198
287.976338767 -237.40774179 154.819458938
