-264.653809451 53.9234080853 -115.736879282
-247.064514205 -75.0627102244 -105.537880051
-82.1526432591 -203.698699925 -551.927538358
-215.623032899 -141.056505947 -961.759134036
-176.807129531 182.90971648 -96.903204913
47.0524467319 129.413024976 -348.614356066
-130.312075088 105.130130137 -701.324215577
-150.221931501 26.6616155064 161.342227291
-18.1260251133 -16.5532416231 450.554151231
139.394908841 -35.3133162784 458.985493186
208.800249879 -31.7926232704 615.791427686
-25.2132199589 121.388304792 429.467450851
59.6152976597 248.627509357 204.179061193
256.71789753 106.560601805 206.156475156
-33.658944969 -140.995991429 381.32287574
94.3346446711 -249.347130467 137.666712753
262.437048783 -129.779755203 143.049413137
