-274.847571251 -6.97718214288 -112.732171978
-223.975360027 -139.936065432 -102.508303427
-56.039796782 -165.235705544 -492.340742212
-188.353096914 -167.258184897 -953.528486119
-222.681343085 125.981702968 -95.7857926729
1.52476506757 160.450474459 -402.166325639
-116.726063428 92.6945410553 -761.241970463
-150.163232663 -3.61977072493 162.974206374
0.523679459693 -2.14455103073 447.111153502
155.61542501 5.24254256939 452.37368073
234.437812559 1.81053502549 603.992204733
-20.2659879859 132.856792406 426.045040508
-2.69505047952 278.609649612 203.755405314
202.846447363 162.944777308 204.90064582
-11.4369963808 -135.181854704 378.698107363
125.247860953 -240.091687883 142.074237594
277.593129913 -83.3302224303 203.890623688
