-57.4771102985 40.8849811477 -138.806965793
-154.542215096 -55.1832608105 -140.439758477
-227.347213552 -113.249701676 -555.202389818
-413.051946304 56.433244818 -962.818515582
61.8725614635 136.953229203 -142.185701446
242.87526265 14.9600853071 -480.652000584
241.437672594 66.5855376396 -906.316902501
-70.2534017025 58.0653842683 140.179183481
-34.4706236921 50.2103444482 392.790189908
41.4857780509 -21.4854778642 511.89741056
35.5627337048 20.6994739108 714.382215359
68.0406284945 162.739960631 364.550494242
240.394695259 208.870930846 157.852009354
183.014902388 34.0855158259 152.695276221
-150.862117119 -62.238971615 430.254370959
-149.108760892 -316.068232839 330.797996096
56.1844201411 -310.366363076 443.010509113
