-134.133912929 -2.13237376107 -82.9750449846
-168.159174029 -155.696738229 -84.7149331486
-81.8594866291 -169.402108879 -513.505220244
-177.468412084 -132.210767722 -992.290175722
-112.369537471 151.432186534 -85.3762612682
1.78429837967 168.317457181 -440.457834928
-100.185091844 135.216255779 -813.30108464
-76.1564923731 -2.420782227 190.558743014
63.3725455542 1.11566783571 481.074578029
175.890674983 -1.2903208578 493.553739082
264.413200358 3.77715740376 650.106794055
5.75136134587 159.776686758 413.977511415
-15.8059985531 322.440531106 171.098811056
91.7529815518 274.812844361 141.125193277
6.70900636823 -158.931898939 460.838062601
5.66617895822 -329.237975308 224.654496234
216.39812812 -265.565821023 151.029891868
