-144.076699778 -11.4601468008 -69.4255207284
-156.528004506 -161.413253432 -69.0486984067
-71.5211126412 -174.453800463 -491.083814608
-161.420212523 -154.755671605 -958.202715222
-154.447938141 138.493059682 -70.629395723
-56.0601817795 168.225817404 -472.864912112
-102.117981907 125.025983524 -841.872219596
-70.9843831376 -5.76284899433 194.280275509
78.2244009969 9.65916994571 475.448254975
198.438161313 15.2357453204 466.260339927
324.175650108 19.0752986481 593.096976591
15.7564328083 161.391097646 410.815029335
-61.6835609528 327.418616905 177.954091647
86.7520943983 295.557770687 149.330820477
24.6850342921 -149.124744485 457.583068011
11.4303279059 -331.964253732 239.501752968
222.755051953 -270.110230374 168.161920602
