-121.093780581 -5.45610619961 -76.0638280862
-157.523485673 -155.178364373 -75.1805617878
-135.311236884 -169.206330412 -515.91406911
-173.160310793 -141.64693724 -1001.50158117
-98.3737685744 144.266229029 -77.8859064654
-60.0379559378 158.366382305 -499.794674711
-105.035262101 137.131991674 -879.687043101
-61.3790504717 -1.65636529618 196.027936288
76.6971881075 14.162301135 446.376484488
185.343732316 7.6726592929 492.631853481
280.99514569 16.4575212582 660.67704317
19.6653951939 167.725573059 415.648235731
-4.93337197387 322.979399318 170.847128453
94.7177585067 282.206096436 86.5088791561
18.1463825144 -146.276234311 475.806622544
13.6550263091 -342.744478699 309.015607295
230.498495614 -288.803336969 244.850125045
