-118.196633631 29.9175350759 -90.35927926
-182.567695236 -104.540395409 -86.9999510417
-156.639245747 -140.678973145 -541.480224526
-185.873736634 -99.1819008741 -1037.00641501
-83.3300431866 164.37561361 -97.7642632305
-59.0759829022 153.60046689 -530.406457855
-114.450667772 179.458374747 -913.865147144
-55.4562603714 18.9460485433 181.238651493
81.7360290837 10.2786637781 432.362524353
180.696985025 -32.4113682349 477.009371128
279.576816638 -15.0092410036 647.722759342
137.872290901 157.368646189 351.668224311
105.885422388 298.126521794 153.912683792
246.390309794 189.706809167 140.344704745
-59.0991428027 -129.54208774 469.091148266
-90.4458882522 -348.528671177 385.837255285
80.0215337251 -329.762767994 403.88169073
