-56.3450693407 35.8872944909 -137.20459014
-151.600189529 -66.7393896169 -143.547174755
-214.984526975 -115.855509681 -560.877161099
-413.23768021 51.4895597251 -968.876723773
53.187619437 138.513978483 -145.536483012
243.723703356 20.694854818 -486.030025948
230.658768895 74.6831709766 -903.309501765
-66.9056857133 48.6463976217 146.615782643
-30.2275113559 38.7133067614 447.530746616
56.0841876132 -31.4511451842 522.460269032
41.3444992505 8.46853318769 715.768341151
122.486856369 159.908084825 364.405222742
173.166090461 234.09204028 149.799753178
170.106836763 72.3981676678 130.016573712
-137.367661566 -77.7876270936 430.625218833
-144.443242244 -311.119452092 326.343759247
57.1864373809 -303.364618645 435.110411134
