-92.4596488495 42.2436560374 -100.22364573
-163.207084818 -71.3817677878 -100.182506692
-132.812789747 -120.963406028 -539.807065412
-159.471085668 -67.2623001942 -1020.59841597
-48.2727303549 155.869303927 -112.845500334
-35.4079298823 138.025207757 -534.883159781
-150.178067235 205.196202423 -899.832387059
-38.8607678351 30.6762163772 165.593880212
91.0219396132 16.3029248589 449.183102525
175.445190891 -40.6210779682 464.979816613
285.448768825 -13.9945587846 619.8320048
162.936053083 142.598627375 321.541798034
195.246195316 221.516825803 80.0884635249
196.760927523 62.0622187597 199.308884254
-50.082198136 -97.2851657759 451.131553407
-202.3777666 -299.744238828 426.177436078
10.3957680568 -287.643929093 452.905380427
