-94.8452068532 43.2807959831 -106.635216801
-165.208793155 -74.4438657492 -103.250082803
-129.409550583 -134.666979149 -532.4734194
-167.90130352 -65.1454592326 -1005.31237105
-49.6965038266 161.005666507 -116.455580842
19.7090867971 126.66601564 -527.759340158
-144.674633682 196.676201132 -885.832750393
-44.4178421987 34.0856013651 164.313586693
84.41889099 17.6827962503 443.443093926
169.458540682 -39.7689314695 474.267043068
268.809889913 -12.3595448798 657.752731644
156.087071992 148.343202837 317.553469284
188.635844721 230.975848444 74.9205059299
198.94242943 72.4057280991 190.481198601
-55.0398689129 -99.5559102482 443.730854582
-203.947139074 -301.607514714 405.396731977
-0.725421105808 -292.901844963 429.198914407
