-102.739830996 42.4879065442 -111.619994952
-165.073416275 -82.6412440299 -116.337874315
-125.500294292 -150.98102429 -534.431562121
-165.784933072 -71.6423352443 -965.975873839
-52.7505222703 167.617271497 -122.084416528
26.4525817528 130.420658186 -534.147728832
-143.376370664 186.610878381 -843.772292004
-59.2460252808 37.3532239342 165.563763124
36.5629667548 18.9865133431 457.571027081
156.45295154 -34.2252151671 489.153789881
269.688150624 -9.71217007806 672.148727339
101.660473694 156.030450788 369.075790176
187.86331062 238.167112533 74.0588296966
208.04864733 63.0975172499 183.027288071
-56.880860874 -106.851060782 447.699034353
-196.652314486 -301.12957545 346.007991796
75.7425811611 -285.533699629 354.181624597
