-109.034042127 33.6576861133 -102.624447069
-164.685419485 -102.998689614 -109.213446533
-129.076787963 -153.750288596 -542.321273806
-168.884965479 -90.654293079 -985.490383234
-61.3542022872 170.314274296 -113.672694447
-34.4831872007 153.908094799 -540.195058861
-154.737541211 183.731895811 -861.46062984
-59.3909215976 27.4966632653 181.41138639
41.0674011245 17.1015827774 480.425521275
171.899553424 -27.4066895541 509.835569251
282.272369632 -5.49824145834 701.625585318
101.810519448 164.262109118 390.193598578
176.676826524 265.024777406 84.6231036479
213.218389051 122.028721004 128.315468215
-48.9369298612 -124.207344851 469.487753965
-138.256198388 -326.81526202 361.48367212
85.3697260928 -305.061818217 305.366427298
