-42.9366319189 15.7875763419 -135.451924386
-131.634851089 -103.392400849 -147.362907558
-203.695747664 -123.182371871 -566.088527641
-397.570571161 12.3912049839 -980.061275594
70.7789069519 134.967532164 -148.002434911
205.41747666 46.8713774137 -487.311822785
270.687875074 70.312827735 -916.565555584
-63.512526582 28.5985124178 153.680325168
-11.8548727617 31.7538575394 465.248617777
68.2090664962 -26.9473518713 538.327984279
71.4315234993 7.031287292 739.898483142
70.4068774163 169.384947463 380.366347424
99.6915358632 290.003412509 148.698561177
116.348705043 163.834378156 57.4409953427
-121.35319552 -102.317490441 448.725112533
-113.531584807 -327.436650325 335.373683303
74.8779225158 -301.101865757 451.383317469
