-75.5778295709 4.41291888692 -99.2778952387
-121.672799691 -147.400513669 -103.969869606
-34.8369872932 -170.270190878 -530.399685441
-123.853101704 -121.0253067 -964.921983705
-40.1028043875 156.226391255 -106.866643186
49.416739347 148.376800916 -522.532520487
-55.4979756142 135.371614973 -844.297323288
-50.4835167979 6.40033562147 188.483560514
49.0962616138 14.1906495214 485.631067668
163.519725916 -9.32885915239 524.724821779
243.584160791 3.33207880772 712.422655249
45.9292095364 173.465021531 407.421027787
-38.3277909705 344.913263955 202.840010448
53.8882024308 307.5751081 -19.1335856093
-25.2591162881 -145.487503956 469.50227687
-107.244686819 -354.087203367 349.819522155
104.880689023 -342.078878646 223.727997398
