-84.0927276285 5.44199462274 -82.6465463237
-116.385596146 -148.356006553 -81.3707484738
-24.9769809141 -162.713511218 -504.431084665
-115.18700941 -111.509131803 -935.281116303
-49.801609247 159.240056516 -81.8597764881
53.2259707718 154.572889777 -444.027529318
-46.1915453062 132.686670889 -811.133064432
-55.6204874997 3.5415281888 195.219980431
54.1081597686 5.26055504902 490.841117307
168.009553326 -11.5834458317 520.866663543
245.612580373 -2.40161223767 714.692605547
40.7024276173 165.104726109 414.957762571
-43.8499023308 319.969428107 157.122267983
-2.51385095996 287.738866905 -19.7548627965
-15.9397926282 -154.075000845 470.792863446
-98.2884845165 -329.478844459 231.578542967
119.485632909 -311.672891085 149.465141224
