-104.029789044 22.0761666765 -101.364774305
-148.759350413 -129.746288348 -105.116362547
-54.3545649575 -171.103962734 -534.485365238
-144.200687328 -110.155346991 -968.029154482
-65.524004431 173.898801234 -105.220957608
35.5829568836 150.14105156 -465.919000877
-72.4850501158 144.515787415 -839.945859847
-72.9046277126 16.584545814 185.00500736
31.7767676675 -3.52293281739 487.232609366
149.05180598 -30.1674222038 522.326151207
225.414122012 -21.1575685281 715.356095443
35.7281304915 160.906602867 411.434862493
34.3054210485 331.465239667 210.439488538
191.896910172 246.934129019 130.999687249
-46.794956078 -155.874426307 459.598533984
-123.877389686 -321.804346293 223.527101578
101.291694753 -309.315120671 142.494445767
