-86.1185017711 6.51156011711 -85.5039881683
-119.02836121 -148.200374417 -86.6431523976
-26.9024571299 -162.781560076 -511.44329537
-118.238680021 -109.201682187 -937.198390901
-52.0703182519 161.223558882 -86.7227793354
51.7097287056 156.209768907 -443.166507915
-48.6355788356 134.044768349 -811.577523092
-56.5618249592 3.63522960544 195.332569904
53.1414886896 3.50208049863 496.51822841
169.210255256 -13.7078588723 525.119058354
245.464014558 -4.83198611857 722.071035987
46.2947241521 164.834119179 420.597366752
-37.19354458 320.711691156 162.13473091
-3.73927551657 286.637314126 -15.5221759419
-17.2202215555 -156.589637408 469.486621638
-92.4960250488 -329.777824792 227.762279381
118.914506025 -310.563154971 144.70448733
