-96.3212589211 28.3145014453 -83.2129217316
-142.377059465 -115.587464676 -82.2497702428
-105.89761769 -157.707616099 -515.450798463
-137.147797718 -97.8490926746 -944.846918921
-48.8258015659 172.216673467 -83.8679786465
-18.3803922924 156.032714908 -502.40757831
-142.328794865 174.788079179 -819.370141958
-59.6228721128 22.5622247073 198.838671242
39.5747359684 -3.9658237878 504.457607852
157.572046024 -38.5909030122 534.004833034
230.953463983 -26.4942665155 732.886152219
58.0693336056 152.609831051 426.596928072
120.753229779 291.844934167 170.013556349
280.085260289 206.755482934 73.2958461096
-44.524675053 -147.022718261 478.307840313
-129.962993816 -298.107898007 231.86746338
40.0091088392 -319.307959447 76.0107010525
