-87.9992193 27.5309431832 -78.3458348631
-128.819673784 -114.075715581 -75.7671397973
-90.6678287528 -157.241967847 -492.545501403
-123.45563686 -94.9572733355 -911.196364346
-38.8199858259 169.137757219 -77.1934421658
-22.845073088 158.650471329 -486.375365448
-189.488860425 185.403242452 -840.321590709
-50.5135399938 21.6751718116 196.059061625
54.0802741722 -4.25445947752 489.974334305
162.711174151 -38.9970620687 519.259079746
233.091772765 -28.0509427894 709.71080552
65.7100311422 149.041963188 414.702196712
124.819617177 291.532367846 167.11289069
288.029509889 206.678432456 74.4854455944
-35.1516206487 -142.88905464 464.741139844
-170.994485987 -294.155652295 227.614125565
34.5119602107 -327.734193378 85.2654042644
