-87.885289047 41.0517617303 -76.7833348493
-135.494997195 -95.0976451194 -74.7792035226
-98.441338292 -149.349798495 -494.790117116
-123.54500983 -85.5030167709 -915.722734059
-32.6437448935 177.201332388 -74.820598651
-75.7433458887 171.041804086 -496.135373551
-196.046575167 218.436456813 -854.375534176
-46.0139366227 27.4774343165 198.886077936
56.0558963447 -10.7862289451 493.997896027
161.466392203 -56.5879129674 524.524338521
233.749113228 -43.2389534116 715.731840766
119.886489691 138.579063854 418.215986883
200.74897706 268.84321582 171.202877485
356.002175912 174.75258308 77.8592548457
-84.3574160132 -140.504196321 469.171227986
-190.422720533 -283.564706958 232.067117374
-29.7475044384 -343.305553413 78.7981120215
