-87.6680104104 40.8618644601 -77.0961374064
-135.005509489 -95.387980402 -74.91955004
-97.839026311 -150.017873533 -494.943277437
-122.785700621 -86.1818049929 -916.022186526
-32.1013069557 177.111873257 -74.9549192779
-75.068795333 170.909706725 -496.269364456
-195.319922742 217.929950439 -854.643320418
-46.5255671984 27.6749546341 198.700355018
49.7794467686 -10.253177235 494.176701186
160.21757408 -56.0312975224 524.955986059
233.676746602 -42.5856927969 716.05328541
119.986866384 139.09750044 418.354353417
201.317635734 268.849015765 171.314720271
356.732488516 174.147522331 78.0130849755
-84.3424408881 -140.167165443 469.29901006
-189.985827795 -283.76005084 232.104550943
-29.0446538855 -343.280459903 78.8838908438
