-117.504299378 64.5486356925 -84.8983048785
-193.654757976 -67.3662234982 -83.5098206567
-100.252786211 -153.802245356 -494.711777085
-122.49341897 -86.4642085272 -915.587383744
-79.3261450924 196.463658033 -85.3951213951
-69.1942268433 175.858927651 -499.181740252
-192.038605269 241.194004195 -855.515970066
-54.8902681533 37.8521718404 192.510148502
61.9828990435 -12.1157526384 471.517473035
171.91355407 -68.4443970524 506.506582844
239.756154278 -53.1472888733 696.219490646
137.569704658 133.44274747 394.188707114
274.324396156 249.41633685 158.395543453
436.503257533 145.449288658 68.7385822906
-42.5064639703 -133.682227213 463.92721732
-247.744401813 -294.811386284 296.194351915
-102.925605523 -374.562041925 143.889691947
