-143.591501983 60.4986737926 -85.0389422445
-212.402768974 -80.7781027577 -84.3298156887
-118.448736122 -158.430764977 -495.082591855
-142.637808865 -96.021724197 -916.43468222
-108.570447682 201.775587356 -84.777895572
-87.6089625025 182.867781635 -496.222145753
-153.688337396 219.270396786 -858.793773671
-77.873735811 36.2716942235 192.656680007
42.391607303 -5.56059126522 471.97554083
163.957850009 -53.8686698485 505.005534445
228.395324691 -41.1088186284 690.597696057
112.864040213 147.821824549 401.541471128
250.156891307 263.297976983 158.234047479
415.156563688 147.719053836 69.9334703552
-55.2430555628 -143.526102383 462.718365069
-188.450546046 -328.903695576 285.354972458
18.0862359811 -371.028944067 155.040920911
