-150.781296942 32.1059912975 -89.5736363219
-192.956948652 -114.043988281 -85.3149737784
-105.887919908 -162.080503323 -492.606508836
-189.556408837 -107.390301191 -950.941793569
-115.24974705 178.256106048 -85.0926331027
-86.5118407593 176.017096009 -477.674847865
-202.574768939 184.506005833 -835.275580708
-99.3560736661 21.432925978 181.466571651
-9.9753566796 -3.64866086309 461.857087024
122.520348731 -30.1773534992 499.866302191
167.677112838 -21.4301946714 675.936518908
42.2707721728 152.465572736 390.468155918
189.811049139 277.012816858 211.085524495
349.852003721 145.02043576 155.924168748
-86.5041332482 -153.133462919 440.314593974
-17.4284136712 -325.131076108 212.371264953
257.034599958 -278.730962681 146.886577753
