-173.132061462 19.5108455735 -93.7151102881
-208.062457205 -130.310946086 -88.9361710387
-118.228503494 -169.688567187 -490.429769024
-209.120742294 -116.571365809 -949.337610009
-143.041761926 169.332881784 -81.8046005324
-30.6520869222 172.458154337 -412.728475914
-142.817251473 152.942884943 -776.781428997
-125.386662131 10.6074658456 172.61318481
-32.364852147 -14.4885178127 457.896032484
98.7669700018 -25.727878783 488.741140825
144.856916744 -22.9403572512 672.267923656
-30.5590307636 146.498566771 395.223088429
115.995072487 293.823237805 213.601923168
329.481531578 173.44718508 217.397956888
-91.7446755847 -167.238810663 389.911109884
95.0934072633 -304.168997914 148.843783485
321.164433877 -211.939767334 82.2726236569
