-56.8245674103 20.8813178762 -127.910759295
-141.874596572 -102.916804361 -135.587020181
-198.458976698 -129.984649147 -533.127055677
-400.510355066 9.16962332324 -928.567336735
46.6236417379 144.679289333 -136.193421111
245.818420814 61.5496228382 -456.804574822
246.654616937 89.4608399459 -875.075301739
-73.7111689546 24.3225947327 152.239873864
-28.8757503976 13.2906959839 450.941345
56.9103897131 -41.8994287716 521.136944442
50.3037226615 -16.1231334128 713.410728939
46.4159265062 155.524434693 373.015493503
61.9046543782 294.464841597 215.402054353
80.2708701535 179.55228855 -21.8448394338
-128.03834029 -122.340063408 430.441169738
-36.1024628913 -326.966910374 259.271178102
155.86862877 -276.676191438 430.809321627
