-151.499449412 -2.09893065159 -84.1588307243
-186.117332851 -156.936930494 -81.8668580862
-96.1219969749 -170.118280775 -499.39830265
-194.160895024 -123.608252307 -970.458266623
-131.132723253 152.739249075 -82.0067320572
45.3071382858 172.061438456 -417.819452864
-49.2136557242 139.264554838 -786.878215215
-94.7485805834 -4.41825208193 185.543409767
42.9194521548 -8.11318437783 476.097735431
158.216116767 -9.24026256496 487.741788504
239.548914787 -7.39093389955 643.581362661
-13.460610225 153.020697299 411.046881436
-29.0047847207 316.737028256 169.152567226
128.529229898 260.531419828 144.469673027
-11.0929060289 -167.27009889 453.438281576
49.4777082997 -315.069177724 160.965845175
204.522461438 -230.090083981 148.645532905
