-122.071899474 -15.7651259361 -56.1281886085
-150.679235084 -164.621823215 -55.8061743885
-70.8458932131 -171.641941788 -471.911063134
-165.914271363 -146.218483765 -936.979470947
-106.296893 133.091658476 -56.9383611075
2.44471164222 163.191397626 -405.429120299
-87.6584482194 123.850620658 -815.763101205
-53.6666827226 -8.46299754233 203.984025869
78.7441859881 12.2202475959 483.627367424
206.995918702 17.897046354 474.754825906
320.944813988 23.8859675016 600.674598046
8.10344476237 159.893862667 419.298988222
-84.9847500809 309.940284165 181.608103862
-51.8052396215 315.332607864 9.63935383967
70.7520017445 -145.650986428 464.63563989
17.4970416421 -324.070313606 237.412126722
219.698530793 -286.698596974 101.770068697
