-118.056004541 -18.476633529 -87.9393206146
-153.598840541 -171.81776351 -107.455977634
-71.5337761069 -178.954600181 -488.718206442
-169.773187765 -147.404133503 -968.545055913
-103.798833372 134.864456989 -110.668898354
-2.46124312658 165.325726801 -472.292506706
-101.09219012 120.812570077 -847.742982986
-49.7135441744 -7.75574986424 194.455203194
89.7335915676 26.1959688359 463.394376746
215.476118133 24.7827071137 491.739438886
336.583518408 35.7058507925 632.113375533
11.4354358958 176.963875671 432.789325129
-88.0129986271 326.066521511 185.582485943
-63.0100373452 331.254227096 -53.1476747352
72.6799693675 -141.277375523 493.528948852
18.0567575921 -358.745832539 340.815959414
224.791834138 -323.38013803 265.736901169
