-250.251397112 -205382.624156 -106.705742794
-247.81411526 -205494.357364 -94.9062660512
-93.7064355673 -205640.147296 -504.446312638
-217.523707834 -205582.692223 -990.305790029
-157.126066326 -205270.890662 -103.096382924
-8.26153402354 -205354.468223 -495.064019579
-145.168134912 -205319.077417 -858.388355075
-117.398892502 -205412.054315 169.204081457
55.5377878306 -205441.394772 415.77643576
186.000101668 -205469.735214 438.375041447
300.975904041 -205456.261332 564.195080545
47.5646173905 -205320.244525 380.60297408
60.2215194239 -205209.799438 154.486388546
197.692900494 -205366.894069 225.080827007
-18.7247320447 -205554.78028 446.47016557
32.1199796937 -205719.913584 349.839842431
194.21102825 -205598.01846 313.33447898
