-136.155285826 14.8161932696 -96.4850748469
-199.357424076 -126.318236437 -97.7260893655
-117.537850702 -167.264955938 -541.865395464
-209.492952473 -128.346988849 -1034.19241938
-109.712013724 155.950828779 -103.437586196
-19.9305760088 153.45046793 -530.836326542
-137.817723185 154.730508627 -911.117092095
-65.1960430166 11.8207979114 172.504119295
61.7478135252 21.1795742485 421.90899096
184.658798607 -3.68906271075 453.171710421
308.500804112 11.255678589 587.27079825
61.7188796323 170.017820398 341.871995943
72.8353359987 322.820153813 156.23198617
217.070299965 219.805842675 214.56184793
-17.4039952239 -129.29868725 460.291210924
-35.6050099851 -369.780879574 434.744979203
124.984412157 -314.935699932 394.767313445
