-117.148943605 33.7253711647 -94.2546892541
-207.4316776 -98.2330805575 -91.4547939939
-124.70776265 -154.564698478 -525.090295449
-216.497931226 -86.7122876631 -972.60458853
-48.9366934343 165.684006794 -96.8549819371
-17.3890549664 139.064471586 -527.413547352
-140.768326373 176.053300678 -904.473251348
-60.3283352658 25.3192034535 178.064234968
56.6385563189 17.7867873979 438.143205825
169.872105394 -25.8348804956 486.081298638
252.432060371 -4.14754261102 662.857024373
116.453382419 161.458131944 347.549312955
144.555329406 272.353099362 100.754573864
232.372179301 134.778829689 151.708703867
-39.4114127197 -120.732583574 475.196348352
-117.097552945 -332.939705127 383.54464146
109.788904103 -305.538709672 334.651042285
