-135.205107286 23.1003679865 -89.9928937271
-195.626692028 -118.487269826 -90.0217140708
-106.852680474 -171.743860523 -509.710270831
-199.062828775 -115.720619321 -945.4597627
-100.348228269 164.688176018 -95.6157131171
-8.88673499216 147.337109399 -511.031540259
-126.737576699 150.321575457 -879.493572148
-68.9782424948 18.5481822536 181.281852257
65.2597835476 19.3175852992 470.431152362
187.610582546 -11.2533141901 474.589120369
306.777667957 4.41075219963 636.945324074
69.0580077633 169.613088515 344.540675317
74.3494050996 302.511480003 93.7518599282
220.02289783 189.785499303 131.474872477
-16.8101505726 -128.835989462 467.368374606
-100.544815399 -339.105601072 359.306928286
119.401945022 -308.933217173 305.600413959
