-99.2188441038 11.145487588 -89.400461771
-149.340759874 -132.312897186 -98.8048545351
-130.451233127 -157.630471535 -533.960847468
-171.283086417 -109.940180187 -960.849302326
-71.0617463192 154.60401496 -101.938304383
17.6733685663 150.489204217 -519.661296048
-94.0788286018 154.129701578 -836.941657507
-48.7384724034 8.3349944295 186.053788509
80.2049926258 -1.22811775812 476.605993991
189.843857828 -23.2701891257 489.006035843
285.810484779 -15.4908956801 645.497189474
76.5366961666 154.066317313 402.211041476
-40.401292816 337.777447387 208.670864288
167.59488592 286.331854827 126.19613339
9.54839972189 -148.102022293 460.38254253
-126.042153669 -334.835186141 290.474238652
145.290273017 -326.620843191 212.447920198
