82.1007955269 109.436916208 -40.0581698303
-37.0643175579 182.784730847 -16.9353158212
-198.002696614 61.0363955419 -393.660992621
-191.57911355 157.640611151 -776.301685728
190.98322503 36.0891283805 -13.4537886223
326.308214437 -64.3171341751 -397.526027227
508.29710494 135.434698278 -765.148728235
37.193834043 55.3400101507 191.21609766
-37.7003049667 -46.4029943991 388.247172176
-125.112930008 -129.985580033 437.621438642
-180.85005376 -125.386906004 628.28796993
86.9518372464 -111.980654419 381.387589625
323.84040799 -215.889738313 188.691481064
164.070863338 -345.430637707 90.7916613644
-190.142013642 64.6588978502 362.907409242
-299.296867953 190.400871791 101.872071821
-465.816284935 47.960752973 -10.0526861726
