-43.4277988724 5.95649895595 -150.83922788
-128.423870637 -124.205244454 -151.64149411
-207.775897356 -131.028058526 -575.26878139
-412.312879308 -11.9561462313 -970.139445213
50.6807550313 136.118256579 -152.592701868
256.78316622 71.9391905921 -548.641684492
260.058134162 101.896045675 -916.904156628
-74.0357532075 15.2068665973 127.824074961
-43.0881264627 5.99288297996 394.359717849
39.0605985004 -25.9477117596 500.404386474
47.2488950504 -9.8706460255 710.438883181
-21.6821858735 156.173135316 374.165925659
9.66979187823 328.267142845 252.29313579
183.374400391 220.108367422 347.112116565
-128.973344288 -133.915068013 365.351387107
-39.3522820535 -342.222370014 247.863797463
173.793443294 -286.145797102 436.391835947
