-100.140479628 6.06877292017 -65.3928982229
-138.836753261 -144.077426363 -61.1206561508
-61.7187173142 -162.294772088 -487.140683708
-154.423156958 -114.938005786 -900.804159446
-72.6225832196 156.215014257 -62.8295884851
14.77816336 150.393512387 -474.985393559
-84.9115855082 132.512849899 -835.067553932
-47.760822634 4.92866729389 206.275912792
83.9587432813 3.62407561637 492.653717436
196.108810947 -10.7174180608 511.430333209
273.272949238 -2.53595874257 703.206284216
75.7938958349 160.876054893 419.218054598
-6.89820130277 310.363602025 170.045383424
-27.7492342943 273.987813744 -4.35772862426
15.5069849563 -152.195152014 466.809055846
-58.5812419745 -315.593648742 229.338120566
142.430737128 -293.608842819 89.2259918284
