-122.413684057 22.4123792377 -73.9732687884
-163.911436922 -127.647623008 -70.5516046352
-77.6167034028 -160.062607468 -481.421713375
-172.063573311 -104.303766581 -937.769505199
-91.201110348 172.472488693 -70.4762656804
-3.33438000926 160.94307621 -463.844612904
-108.936826418 156.904398793 -822.939862151
-68.3212876137 13.0563085568 198.865636787
59.3565765901 -13.6161467058 483.10612403
174.200751554 -34.4024308965 507.27288503
243.918931532 -29.9371610029 696.608190792
59.562466173 148.973431439 413.161880048
58.8882352284 312.925292997 219.770768872
158.084947188 239.596517595 86.8397994089
-12.550078112 -163.614413577 454.249164325
-83.2077905933 -310.275359097 170.319031716
133.010742416 -286.364476339 75.0406623874
