-130.723015709 28.9315182898 -64.2324918416
-170.433437644 -118.174551001 -57.5798977551
-89.0800042829 -159.201592633 -463.447542451
-174.735424814 -102.483972109 -916.214119296
-94.2933527863 176.037788363 -57.3383986075
-6.97403828603 156.989983018 -400.402724492
-109.378548346 152.584399659 -798.76450375
-74.9632378872 16.8236380554 200.616910747
54.6581257538 -12.6353592978 477.944654144
169.657948489 -35.5297017624 499.447726917
236.073565228 -29.5935027228 687.357014675
57.7277879304 146.45361859 407.12638618
68.4132970211 293.655825664 165.899942205
210.387837635 210.841492631 75.7871222963
-17.9296195449 -158.967220374 449.991358448
-90.5554992767 -293.716924346 164.467129135
126.119311436 -280.188358385 15.8276397304
