-124.961580943 42.0873711999 -71.6393146033
-177.161276511 -101.415390255 -60.6832930861
-85.293278006 -155.821422879 -476.516368265
-167.154019785 -89.7602307746 -934.889013847
-85.3872738788 185.590274256 -61.320175049
6.00723855487 149.600675442 -460.980875956
-102.704298238 169.518738346 -819.785754824
-75.8599287963 27.4682200475 198.30999926
56.4110245166 -11.8499275631 486.354998363
149.608552033 -48.7462412212 513.042363022
193.174543349 -37.4270332955 701.303069688
75.6800494914 144.858577584 413.437002871
140.438275702 272.963027876 168.724297495
236.144561345 166.158487943 80.6360700147
-66.2867486793 -152.875227727 458.599957488
-93.8580996623 -291.586779972 173.74545351
69.9893018344 -284.200015864 80.5067697625
