-120.440583729 41.5448522081 -73.8197584217
-168.66896306 -102.538272506 -70.0631645036
-78.6758821074 -153.368723723 -479.483685653
-156.656428735 -98.0433619964 -951.29584578
-78.5176614607 185.628159776 -68.9962629028
-40.2032224289 157.197518793 -422.165197301
-97.1671879121 168.757486453 -833.530407696
-71.6401562683 25.4286649201 196.557987399
65.7267263118 -7.80336732313 480.079012225
156.691067736 -44.2439029702 508.891320417
204.83576548 -32.6880385146 695.397854295
84.4344659914 148.497890883 405.969216865
148.975038628 279.668367515 162.197900793
247.615757242 175.491482708 78.8521262794
-58.5946081473 -150.193246201 454.14004621
-138.607792787 -300.649280465 218.790542784
65.5039930085 -303.353579697 82.4100018787
