-117.389186594 44.1294059317 -63.2115138105
-173.14282455 -93.8157763229 -28.5618147982
-86.9535354625 -144.789108765 -486.927453806
-162.306054894 -98.3833528834 -955.868635574
-71.9475433416 182.074804187 -71.7311670474
-42.9929752624 155.029617179 -427.02546908
-104.202444689 178.239415276 -786.383635727
-68.7791892417 27.699221992 198.005490955
62.1716128925 -9.57137103777 471.819073198
150.791497254 -49.6903938651 500.03468731
200.476484452 -37.8206201062 685.874121894
83.7506823813 140.873740506 397.53284391
151.330584507 267.702854043 152.383623631
302.380204328 163.43319098 70.283125079
-64.4767495996 -143.896332839 446.627577382
-153.72062094 -285.889993605 210.485509308
59.6331802 -306.862861907 72.5398841959
