-110.247157234 47.9233091818 -58.7089039463
-167.852971597 -85.2848019823 -23.563095222
-133.789760663 -132.486270331 -480.090651702
-159.544947549 -83.278522015 -952.020360492
-60.2069784777 181.131626238 -66.7847516665
-38.4226864668 154.731491329 -426.299922475
-92.607597618 183.839714966 -832.979374086
-60.9671654002 29.454527788 201.798752391
69.7322153154 -14.3577990461 473.323989129
154.857944654 -58.2829859132 500.330533265
207.171266869 -46.0310641059 685.760615034
94.3176597051 133.36052431 399.437906568
169.283077027 259.811482383 156.811921865
316.938885109 162.592154958 73.7970329439
-59.378441741 -143.030271431 448.714941889
-152.643726792 -280.170072498 215.588791823
7.0040068884 -315.527426498 75.981238076
