-107.927187716 49.5970310653 -71.7738018774
-164.05624388 -86.4661860233 -68.5411110775
-127.171730889 -140.61635823 -482.821679107
-153.408406324 -81.0332496759 -946.551044549
-55.8646220732 185.660461314 -67.5279152267
-32.4502507453 156.508258962 -420.959013148
-87.095492274 187.14587488 -827.390603594
-61.8296796976 30.2222620756 196.361604501
72.1617302434 -14.3054204164 477.334147813
156.513985292 -59.9603575828 504.998413067
210.798047188 -48.079103582 691.349338442
97.1474012861 136.78446836 403.671382582
172.132717809 270.848538208 161.706081305
321.804694902 169.27645056 79.4448967515
-58.5006099611 -144.624246761 452.443140909
-201.711044307 -286.052973121 219.939759398
6.21380903159 -329.443021309 81.0060643283
