-107.358415534 54.0394895449 -76.1741965851
-169.985483615 -75.9195753783 -72.9257616322
-133.783535774 -137.034707674 -486.912278946
-158.924085676 -75.2531359913 -951.233166127
-54.7347032062 183.998748452 -72.6905193684
-34.6003100047 150.774054313 -426.215447605
-90.8076490742 190.881361465 -832.064768293
-62.218343849 34.1208869397 192.011130649
68.3509559737 -11.6428375964 473.016335733
148.946510011 -63.8411616708 502.446347789
205.338482331 -49.5449087462 687.078622357
97.0109556353 133.667130202 398.480652366
176.437324329 262.117922805 155.339476908
377.092427959 154.076281198 67.9348934088
-65.5190186547 -134.937094477 449.417293544
-209.021656382 -280.241739029 228.363751999
-6.85370382985 -342.512160918 139.946883556
