-61.8470222544 45.4218975312 -84.7013148794
-125.119960226 -69.425549761 -60.3935003748
-187.615631419 -99.5584306402 -532.070287426
-374.998141317 36.4082022705 -917.773646591
11.1603597791 160.269344579 -55.6558171053
194.252264781 70.8798817629 -449.429300092
251.841322822 102.004154525 -923.236028367
-70.3482795215 37.9933306645 168.17148556
-73.6263515524 -10.5415070913 386.433626299
43.8781066583 -60.6487009226 489.715656173
55.8587615402 -45.0877878842 681.918138495
67.0215260523 125.639816519 421.943413986
182.374994234 244.095153496 306.461368519
194.876610904 106.981034975 247.765650638
-167.193932301 -127.333117408 359.179720768
-105.718163857 -282.731968013 157.087957877
76.8863406058 -265.579104139 152.989947745
