-112.540088284 64.2878580232 -80.3613975681
-181.076619431 -62.9007396957 -79.4165168246
-143.941335756 -132.935206318 -495.089122056
-167.208467964 -68.3104841882 -971.987714476
-58.0207700049 191.476682092 -79.4338717117
-37.6654938904 155.551232336 -435.898940902
-99.9543749269 210.738309319 -799.002663177
-64.0304983061 40.0913521396 191.796979447
65.7131836907 -13.8696099865 476.889047462
146.383858465 -71.4970998193 507.833489121
204.357060163 -54.9994894431 695.809523085
99.0385697556 128.926336155 400.770030091
232.116274156 241.416003335 153.883508893
393.162166625 119.372070383 65.3409895079
-73.512479523 -133.376426898 459.397611985
-219.397959845 -280.335148273 228.382183268
-13.6097530328 -344.30432541 137.505318778
