-125.525952654 46.5318053597 -83.978209651
-184.162753072 -95.0962427185 -80.1389570035
-98.1573767308 -152.14936203 -500.414276507
-174.660335384 -95.8495681521 -963.495888556
-87.7681741091 188.159982639 -79.8758041129
-62.8612039693 170.229666512 -485.685551741
-118.043560248 200.337529922 -849.894279591
-74.8880265105 29.1375862135 190.490455866
51.5475985198 -4.43925877662 465.575581338
144.358967397 -46.8570885498 507.463322699
189.624738495 -34.7879762288 687.723720396
75.6651466078 149.058345863 397.625817644
208.62520986 279.233535904 207.060477711
370.170119239 172.655392993 78.4990783642
-76.2263616082 -144.708077509 453.848365495
-153.714671654 -328.376963147 277.954031638
59.9616240863 -351.360683929 150.442952019
