-276.33336846 64.613185769 -112.099008479
-265.496436272 -66.5116506801 -93.7459048677
-98.519690992 -209.951006151 -463.206084355
-231.284058531 -120.972745708 -908.390925902
-189.777002254 195.738246637 -93.776352741
25.3864599433 126.850735118 -379.740289027
-151.58783266 127.137870569 -721.252625707
-153.812597659 34.0950330481 162.142531128
9.07904326555 -17.9537638496 441.611317832
143.349448893 -40.032012377 454.61056057
186.408389287 -34.8623168848 642.611270801
11.8122160378 123.673231124 378.066001219
103.538616249 240.435526036 198.840389436
294.82358994 83.4965978508 203.623466358
-56.1608707726 -146.095123533 375.6347315
71.3347380137 -264.838960918 142.636052481
290.442838981 -159.881815635 79.1853909273
