-274.097368367 64.5988635665 -114.591952071
-262.643309234 -66.0035716985 -98.2208068957
-94.4877800929 -214.761967248 -463.07229087
-223.526012346 -132.277515752 -917.458311422
-185.996593205 195.201521359 -98.3998864782
33.581832827 116.811106293 -384.556841347
-86.9234133408 108.663090968 -730.156765473
-158.567870627 36.3881633284 162.682850073
8.78481323164 -16.4567997669 441.939978979
136.208622458 -37.0634663544 461.953713192
186.317809229 -31.8954299059 644.389781128
-29.7945336151 125.289131733 419.554520092
93.9507265287 240.389399317 197.801092856
243.992647534 84.1037816303 207.944018851
-49.7774127289 -144.286813262 375.022892321
74.709509608 -252.253390658 131.477991898
291.811715847 -143.696438081 73.7171317752
