-275.738575245 42.5323024994 -109.265184979
-259.577095202 -90.9759690089 -99.3418005807
-88.8793769624 -198.903916968 -483.788600872
-225.602930951 -149.36386318 -940.190735598
-188.423557355 176.040665372 -90.5069602045
38.2906634619 135.82456452 -334.458940534
-77.6323596937 94.5676958459 -689.123997378
-157.22191035 20.585445874 162.555310667
13.7042604309 -16.7506220024 448.144597911
143.568573842 -30.2872089442 452.848502927
201.924714953 -30.0987179355 611.364728095
-32.1857412846 125.475432034 427.925963702
39.0369516948 256.177929682 199.52541997
234.244908049 128.983528282 144.909788219
-41.869462425 -146.337177238 378.41530916
131.796671155 -241.232872435 88.3246828935
255.172354378 -111.665126284 140.314808508
