-264.311776676 3.92095293834 -100.997843194
-237.134975042 -130.641916326 -87.3110200918
-71.4177534423 -179.797714415 -481.395825448
-204.995763364 -170.789143147 -945.129437207
-184.848002359 138.483886469 -88.6847326556
45.3926660086 143.29338645 -392.142256858
-61.2036011305 81.7798555753 -752.226158924
-135.451316026 2.64419376055 175.603798872
41.5858622351 -0.211431078853 464.790202976
186.772879021 4.0661954405 459.870494111
280.772604096 3.81569272919 622.464451473
-22.686942819 137.842272893 441.890367006
-33.2924590971 273.591771584 162.858452679
122.174151915 174.009797838 150.18189998
31.8453922102 -135.853969506 397.956382411
94.4486351247 -241.717978786 152.535084845
199.360185849 -104.435852389 144.613982054
