-32.8557267918 74.0665859506 -71.2287501527
-118.313833321 12.2247221446 -31.5781232242
-175.206642651 -103.448658544 -481.438090986
-338.229522317 56.7893871452 -870.102178004
104.075725697 135.908471369 -29.5289378301
209.86515224 -16.4562122974 -408.714313636
199.11860213 70.8286093361 -808.946301139
-43.3032188747 81.0034317942 169.28722507
-59.1681121411 29.7227738711 398.660463282
9.28716073446 -52.6026739677 491.67270252
-0.398814116206 -13.3303283133 701.281569442
111.033168136 105.969751895 385.838635256
284.736282579 108.332851867 186.558313511
210.410718336 -68.2357814931 174.018199821
-228.786878569 -33.4937609174 370.797557399
-196.059864348 -162.916095807 91.2599447486
-3.07598162676 -238.528481964 90.6261329523
