-137.972905953 0.575560191399 -74.9478523798
-186.974941838 -146.63084253 -74.7915496861
-107.484404323 -171.58845187 -507.630852244
-202.507693437 -139.734309422 -984.985700917
-117.777275736 147.782104767 -77.7106424993
-21.4535068973 160.467856093 -492.139134263
-124.761243689 142.186377525 -864.87767652
-63.2064864067 1.33499582224 189.626070976
64.9211153628 8.55044695363 433.638325083
200.356192873 0.60768936435 462.538340734
314.935408266 7.94672944623 596.427673811
47.061107877 160.945418683 404.365071183
-22.0471297046 330.954902346 177.077222926
140.998007549 276.765762191 159.664221149
41.0441950189 -146.161087612 463.366235237
-20.7174658972 -344.123134516 301.613392114
194.763827448 -289.931401171 239.623979596
