-213.742578645 142.891336786 -112.149889181
-251.45371318 57.0739628215 -97.0271624653
-119.231082851 -173.164043696 -500.390291614
-227.273120739 -26.3630665248 -924.80922923
-132.215612178 228.708941304 -112.337751054
-2.63479199593 39.2697396061 -502.641428046
-138.183223775 187.904436769 -851.647513082
-92.9183084855 66.4629620693 159.661167286
98.8904181584 -19.2873768065 396.842359723
177.494215731 -87.8003222371 419.82051812
293.232010522 -69.8055069487 548.917162008
120.05151656 90.0760095793 315.601685642
145.370595509 170.307089889 139.533489381
255.166800002 -15.8626568901 134.441854373
-41.6605173898 -100.514457261 431.193576951
-110.167782264 -292.538742115 405.483822546
110.108503702 -242.468862302 433.572053798
