-180.763887734 148.959592274 -118.08600893
-238.684696781 76.9226970455 -100.905841621
-125.977373116 -179.926257634 -496.192066283
-231.404596831 -0.740206302134 -911.033155008
-78.7575057821 220.996740723 -118.435346196
42.8259422139 3.40208312106 -499.739357447
-139.172669098 185.085434713 -839.062587385
-79.8622702442 74.9331855062 148.768396183
86.3387333569 -15.957444471 383.113326579
156.652505404 -86.2603221181 411.246317058
273.690783389 -66.158864406 532.746160058
110.389854125 84.4323907427 296.188088266
141.047368844 148.738215688 133.864500492
238.870294454 -37.9284849954 205.46376526
-46.1653778953 -84.7509657078 417.475097713
-129.751686905 -271.590533795 400.12507176
96.7509300853 -234.037636784 423.086969574
