-92.8987116108 37.4464526169 -86.5793968603
-168.555732924 -97.0704120249 -90.6463382164
-148.248510357 -145.597324213 -517.29071652
-191.945624624 -63.2099710721 -940.490691677
-19.7832928505 171.963474412 -91.8342037393
11.8762866597 140.767351924 -507.508461178
-95.2176822815 181.188890178 -872.398882714
-48.6512203619 23.9865075071 193.042941663
65.4570609254 -17.2364970176 483.618694263
171.05937317 -62.2835751859 513.472177902
261.616671362 -51.4496646562 704.611372059
130.12900266 137.491459058 409.427123685
89.5125584156 301.887966216 211.967294603
234.532256182 199.232679317 133.890633722
-66.8934871869 -148.445570438 464.214032159
-164.038611813 -291.357694994 221.304720973
61.5591058139 -307.690080367 148.02337446
