-99.447068683 49.4279801606 -91.276850972
-180.680819458 -77.6204949844 -77.2509550885
-156.123453886 -139.516007927 -494.331015187
-194.506621661 -57.4292727303 -964.242352384
-14.6298910542 176.476642147 -124.094062284
10.6298141854 132.471748939 -482.992153627
-101.232205351 183.487956291 -845.990211291
-54.4835982498 35.3309683439 192.055851453
64.4816215985 -10.689054699 494.24929241
160.74309101 -66.7715370407 523.085893237
242.734239553 -48.5351867219 714.695429292
130.679294307 136.126996886 410.911200343
157.886467245 262.726960287 167.588460203
239.192418504 130.336924499 86.3965169987
-78.0433765337 -135.171651967 476.302115589
-172.128820241 -276.484237208 236.395643682
51.7413327878 -291.77419572 157.709191848
