-78.143545669 34.2472645946 -80.8459379362
-123.479669694 -103.49256524 -79.4062574349
-99.7672000368 -145.668098698 -495.701868887
-190.003764174 -71.4250844087 -952.486374015
-18.6022629403 171.987249876 -79.5638034486
3.51710713679 146.469328018 -479.940273705
-106.847725942 183.114285937 -837.468000795
-45.0373790862 23.5909118341 197.641314051
51.1984756714 -14.0077009777 482.737464846
157.859670235 -56.4829749844 528.486851196
231.248207732 -44.3339738325 742.580425582
115.764999474 140.218683585 409.866395174
131.459688797 291.88771982 213.569232559
225.224770958 194.526750347 77.9938808196
-82.3205167904 -147.708684891 455.546762878
-172.806459617 -285.258343685 218.829085202
35.4143494042 -306.354903157 70.391477378
