-71.8179856927 30.9355679726 -83.8042664532
-134.186842564 -107.867404054 -76.6401946779
-44.0524932751 -170.089442188 -473.807782677
-137.694806632 -87.6668796121 -922.095470443
13.1029238962 169.738777995 -76.8502284914
103.028784752 110.471160869 -407.367491757
-50.890999026 137.548880111 -753.672339215
-58.1621203309 27.4525943639 189.529072056
26.9013096311 -8.44556574371 478.487317854
131.913340941 -51.4795909237 525.996950467
196.023525813 -36.7636184019 741.525421805
89.9090747987 146.89967222 405.935329232
45.4588887444 303.774774893 157.796776685
178.892449556 210.231074773 64.2012635364
-103.789065147 -141.67408539 449.296547406
-195.27551419 -253.251428995 158.268287062
12.5727636411 -279.184000923 7.1885416933
