-65.5689486441 29.9833967175 -97.3338372945
-133.750510638 -110.757075548 -94.2472667197
-44.4265125746 -166.60969785 -501.304003001
-138.851937653 -85.8059428128 -959.589659657
16.8860586951 170.724085404 -86.793571201
118.469835912 104.880602962 -430.226601627
11.4762178013 133.069570233 -788.96768187
-63.381062425 27.8066183108 181.10377157
19.3380913315 -9.02694940953 475.334566975
109.943174936 -52.2638547128 531.267910756
146.344835408 -37.4894985524 744.634367852
84.9844220056 149.629911594 403.618463139
48.5453983177 316.136026044 205.850985537
182.895198084 219.189331273 137.327685708
-119.423012896 -144.169747032 444.294426251
-206.415953628 -265.643509622 151.908636512
13.9278698442 -285.852021 56.9683403243
