-54.3100072709 37.2062184625 -102.051928956
-144.850326782 -87.191006786 -94.2413012481
-55.6181655437 -177.917304229 -494.866110148
-145.27834016 -74.3699324763 -949.191735477
67.6838304765 161.603644966 -87.7823122778
167.835853998 59.1454422709 -425.403450638
19.8118397246 114.949975312 -778.695756914
-63.678233231 44.7201548767 175.059088407
-0.971678725909 4.65126026653 473.044247399
77.3706435732 -55.3925116727 534.453266109
119.578897052 -30.7973401894 741.252812468
83.0978776881 148.072946417 400.72374372
105.998918693 281.823676661 202.50932245
186.203634654 144.468848285 130.518048983
-182.202388577 -113.784547976 441.306487583
-221.786296425 -222.410374505 143.161876009
0.496343949509 -249.134350599 59.4443533628
