-35.9077481409 27.6198037711 -105.111071181
-101.162657004 -97.0634403162 -94.5220154627
-64.4665608114 -175.672975533 -489.00236458
-147.909592054 -65.5384271121 -928.384765525
72.9997548971 152.303161189 -93.6857046632
219.671799583 43.1983075672 -419.858150576
83.2682394993 93.352903337 -764.777702992
-64.7727134467 44.6963845081 175.20182272
-15.5401598225 12.3947088638 500.95811192
52.5380449446 -49.8666893405 554.424712712
56.0975253037 -22.2242238045 765.565829225
68.9516589399 153.923151459 429.925712788
94.4225593838 285.214580541 185.83957177
169.100692796 159.525462246 46.0295177858
-191.16642454 -107.685399943 426.63876706
-225.979432223 -217.69807719 136.533118955
-18.2874039214 -253.493857622 53.8320490989
