-59.5574366847 67.4615180011 -97.1750804313
-170.875170679 -23.2626001205 -76.1479511839
-91.7607667305 -190.165961513 -437.921141762
-154.343835516 -82.00358894 -855.046655666
62.1850026756 158.185674809 -75.9914162475
200.649664429 -33.9873047355 -420.882921598
174.937879159 23.8211508714 -761.712255732
-71.4818196827 84.9444346581 171.480902642
-27.5044213606 39.0695611879 483.633300336
31.0839917338 -46.2929267662 531.837781426
36.2058000934 -7.54818327429 732.996542277
107.815907408 145.711481833 413.395557058
193.695072945 211.679392247 134.259039652
204.775637672 42.9603443946 2.66803855965
-207.233836969 -47.9199562269 414.966672863
-285.269738212 -153.849560512 140.827841413
-43.2771948715 -217.531974962 67.2519760542
