-39.4431713269 54.6462295088 -95.8441304254
-157.539046707 -19.9885289499 -75.5072810206
-136.944023792 -162.022067341 -487.08510387
-199.109409025 -46.8896476034 -863.241091843
84.4479885615 129.281041759 -73.045980934
176.855323359 -52.0941584225 -477.527780771
255.644764255 4.29303402488 -823.960513741
-54.5596996579 79.2960719039 178.512572013
-50.9997583915 37.749391507 498.396330937
22.8160968976 -49.6594259264 550.536291169
49.3946064573 -9.02394256638 751.264181688
128.329100509 132.437726856 430.432620369
227.345779961 200.053854018 207.317797223
292.593047463 53.2326243446 73.3113731762
-240.191927356 -33.8659341117 427.777241688
-287.993102268 -118.239830805 150.243064952
-141.833342996 -216.205281528 13.3095606726
