-45.2576197644 64.1855995299 -101.035305059
-170.556276839 -3.65828391167 -69.4658598854
-158.78457457 -156.626923177 -471.808026172
-221.504173712 -33.5606669765 -848.296330167
73.4826629947 132.029531611 -106.762042084
153.348254478 -51.6081589024 -475.387220692
227.364821465 6.97648785116 -861.646396753
-47.9525028097 82.6138557367 178.436712736
-16.1973866259 32.9770292967 500.728801425
40.7577240647 -57.2847591463 549.913573518
79.8212914024 -17.1001820455 751.179664002
125.182599966 123.663037082 432.101977051
264.58554154 185.271785862 212.770133608
323.710972186 35.2863989398 82.9484293394
-211.815517821 -31.0400358883 432.573194452
-304.4132351 -107.720127316 160.202060293
-164.224979345 -215.515549193 14.8557406046
