54.3615223221 113.789943393 -61.2800242927
-63.2283182599 143.242804238 -31.3391100753
-154.151571135 -47.1094523498 -402.737314585
-279.388878878 32.5444022712 -799.877414937
182.247292387 84.3371043407 -28.0777922699
308.907390824 -93.4331160755 -401.867431559
399.875845697 50.1891376787 -790.354562707
33.1689970375 93.007608362 179.848290673
-25.7981858597 9.31360224383 390.043230246
-64.2960151188 -89.2655187703 472.975108673
-99.1654525983 -61.0558856391 680.685831115
155.812626444 -21.093251752 424.727407299
328.105759511 -114.429665288 174.319884789
163.653994947 -250.168748832 147.930147678
-205.907083596 72.9089246636 353.613687284
-313.022602314 124.203116899 79.9976669295
-397.940817177 -49.8686343065 -29.0420233466
