-26.9245392315 63.0209977692 -102.771879649
-153.39889687 25.2412211021 -87.8289381475
-199.101303809 -159.050802647 -450.331106498
-305.791540147 -17.6457023154 -821.565944655
100.582744678 100.800794934 -92.512117638
166.605159654 -79.2672468389 -498.968345721
147.668403698 17.9736760692 -880.534753316
-13.433030615 84.4946672801 176.289428764
19.1282340467 36.1485454605 486.034927604
65.5424524205 -62.8540968594 546.163504926
120.883621475 -19.2700949289 737.063959672
204.097918076 97.165172562 413.807557612
314.629607993 119.452370877 187.971087043
366.882336549 -33.6950517564 114.360804297
-177.361224733 6.76276238861 459.876651448
-332.128232189 -22.3896149043 193.91417522
-272.696828431 -154.528385042 -4.3001349777
