-29.9393990911 62.3228091592 -98.9436395546
-160.524080491 25.4466598184 -86.5664080809
-209.193983109 -150.884813384 -457.38139379
-319.027687976 -9.24421919309 -829.45488171
94.5604549625 99.1989869264 -92.5208117581
160.967830548 -72.1878225437 -503.804330533
133.407008317 40.0952058815 -843.67287762
-11.4591239415 79.7858215447 182.182750686
17.5407222666 26.7566937524 494.003087907
75.6748505549 -72.3172360808 552.633166148
161.212637045 -29.9420049857 748.428680266
203.506544386 88.4847079664 419.87174637
310.064093904 123.017184694 186.371489321
366.313467319 -24.9571144006 58.7129064831
-180.838420158 -2.29594160536 474.103037991
-296.533570565 -25.5738011343 197.451749865
-281.45501646 -154.494255797 -14.9036720769
