-18.6862844152 11.6539810538 -115.816290786
-160.750522801 61.6264738822 -82.342345995
-280.691373637 -163.637861107 -422.498426017
-328.97453748 -112.247164934 -760.284080518
90.8423494947 -38.3185473425 -96.744167905
67.7037110912 -224.179344261 -488.8757603
59.2640334824 -157.600840919 -861.095747706
36.3167586054 88.1583528632 159.178693806
76.7435918468 88.1409212554 486.919255939
77.5324483747 -8.61378747679 564.956493938
213.385115358 47.0950051646 741.91840758
261.727053658 54.6382318966 402.509928415
357.56827449 20.1544366143 123.347807779
405.666299357 -123.682061056 -68.500990387
-118.854830873 143.4350111 470.931090706
-287.602374303 204.192204598 258.326597305
-356.02678972 94.5000065835 57.8320009253
