-26.1008119625 -4.94784915834 -117.235998525
-173.449686772 42.1960563666 -83.1523622636
-252.886101439 -159.826942732 -428.347714921
-299.936555817 -108.028176371 -767.542744238
72.2067615263 -52.0917918058 -98.1123508478
47.7916055907 -220.626589529 -495.880407637
37.4816617214 -158.710223227 -870.476311036
34.9319232336 81.8250374356 156.83220122
103.453287995 94.9924734637 490.850538364
90.6598767602 1.90292363569 571.302089863
244.806857498 61.3457008813 743.257984485
255.482168815 61.9669571079 404.650826978
347.297508533 22.6124764504 123.161139631
390.087947302 -120.829448715 -68.4724545784
-93.4581902803 145.941222907 475.872443291
-298.838388317 203.68042935 265.609472058
-380.038876392 93.2448813414 69.0139828474
