-27.1997192278 -0.304122078022 -115.488568496
-174.467368262 46.3033350634 -80.7944600118
-253.784266181 -157.69976854 -424.250561696
-300.964884067 -102.888371522 -762.044984052
75.8174764531 -46.911623088 -96.3796602499
46.2071324943 -215.834232975 -492.215341855
35.0672656288 -151.939141618 -864.988327629
34.6718200341 82.2905348285 157.080806342
108.777341272 90.453913213 484.323499007
95.4905545237 -3.11521111808 567.814141062
250.448686299 55.1427933928 740.855617243
254.555817212 59.0083524529 364.868930143
344.171120698 21.5805760379 114.349636523
386.588659112 -122.081487007 -75.5746844249
-93.2618997722 141.071366905 513.862411485
-299.276411821 199.599734566 268.085553013
-379.878669103 89.4347615303 70.9194788129
