-27.5626471013 3.34224898057 -103.678535507
-175.711075193 48.7568476087 -40.3807497843
-253.473907137 -151.285236496 -420.846511744
-302.409290969 -96.249136721 -755.289563656
71.7953119439 -42.0723949169 -94.2770748985
42.7786565249 -208.664938846 -489.356024454
30.2212327863 -142.810448167 -857.068806836
35.0315846717 80.9260101418 160.265077769
105.37181296 85.7381520789 474.580420308
99.1482648433 -6.93334849161 556.955247721
245.862500106 49.0747134846 726.516296966
286.588238729 56.007741317 356.150411439
337.091002815 19.3258046864 107.379710313
377.409318883 -121.921247637 -79.3469996257
-89.0343452932 135.024526656 504.297388315
-298.650805189 192.680602525 261.403110649
-377.838651007 82.6075642814 65.6337694868
