-33.9319542874 -13.2686765558 -121.604035908
-185.832296102 52.9297004446 -85.4476887054
-272.144131663 -141.831746373 -425.211717115
-312.652509541 -103.992936083 -762.557589872
58.5402504935 -79.4671077979 -101.384330494
23.3567763072 -232.417274228 -493.626559738
14.1325954353 -171.587421801 -864.264471444
44.4382362303 76.5388268797 151.173251589
141.478859973 93.28094477 479.388023138
100.139433813 3.94312936768 570.407138857
242.747372817 59.4281821177 735.926654951
284.627707784 39.958602866 359.991738049
374.263447021 -15.9561192772 112.668493358
369.346882199 -158.12994444 -79.1084235262
-89.7340824259 164.416530185 509.108084725
-263.818869425 249.73990995 308.353745014
-384.312002916 152.977387407 70.8791967436
