-38.234017439 -13.95675393 -119.44275865
-198.295239344 29.9887403012 -83.5738426693
-271.48736818 -170.468185246 -423.728272919
-323.456918995 -124.143479901 -759.289344928
51.0505029494 -57.9023003188 -101.306897193
62.5826124648 -218.368533332 -492.40807037
6.33211658319 -163.907784357 -861.984808414
33.0930059417 79.1797929994 152.603768383
130.159368078 96.8665904501 477.928601253
111.910238951 2.81947291412 565.457598253
272.948411708 59.8051378474 732.871994522
274.563428998 68.4584836998 357.545442464
365.424249741 35.852450424 110.258475041
411.922376925 -112.305923141 -79.3083598164
-103.810981427 144.612990776 509.535854363
-280.444918935 213.090714274 309.834193545
-397.487640606 113.902589777 68.8726398338
