84.7951872181 107.028815581 -64.7338328447
-31.009421301 174.463024101 -83.5896129745
-191.570048619 26.8286632699 -407.57854122
-181.346314895 108.580880897 -795.471222269
197.921668048 39.5946875429 -25.7523388319
338.101398262 -89.9986141834 -405.289057406
447.131522855 84.9996985571 -785.761325015
40.3482899467 68.6768854518 185.588327679
-30.9507795552 -24.3637392474 402.029082923
-132.535166739 -113.94810911 460.360507486
-230.236751946 -104.27002972 641.850316957
98.4300469925 -87.9871017604 442.158563044
345.120992359 -186.690853256 253.263303442
184.33740805 -311.044344385 81.1524023066
-187.76553274 81.9946372725 364.718404889
-297.507209498 190.122859647 96.4655315207
-460.656978009 37.578413471 -6.12295925663
