-38.1174651163 -16.5614161602 -103.971956044
-193.281189999 36.6286908432 -40.5209875264
-265.328214374 -142.933730393 -420.141224126
-318.687394407 -109.852147409 -793.735432741
47.9010658844 -69.7515755956 -95.0182122028
58.9948308905 -207.753648874 -484.726880822
6.84047617866 -144.138015772 -849.487292856
35.5426604117 71.3259652746 158.677383748
126.846943284 86.3424553699 474.051474119
99.0695246942 -2.69132416794 556.063168094
226.716255914 49.4261480708 722.436711929
267.221741637 47.7231857466 351.622501251
357.217550115 12.7409044758 108.774659453
401.500458554 -134.27797603 -80.0426771744
-63.0480501665 145.03724426 498.806542468
-264.318533978 226.974837855 302.008898077
-388.575939569 134.046340645 66.4548237614
