-35.9906639056 -10.1381918504 -103.76089269
-189.477493798 43.7973564275 -40.5169146319
-267.402037188 -139.335340948 -418.6406098
-313.625022192 -102.883335548 -791.422264316
52.1711160174 -64.0737937486 -94.6562838582
62.6897956789 -208.808170082 -482.562085725
11.1562234548 -143.618287572 -846.936562299
35.2004636464 72.7365490431 159.3896714
128.188447928 82.5294418054 472.879454397
94.9740226159 -7.85250208566 554.534094606
227.153977643 43.5873734701 720.587526535
269.026544727 44.0143779492 351.009580208
360.093196153 9.28187133587 108.531261049
403.862321099 -136.490737377 -79.7320652232
-98.2037997081 142.560535839 497.270502523
-262.081726745 224.793166154 299.820788288
-383.551543107 132.609849525 65.0881146899
