-34.932188269 -6.33581072271 -103.457191453
-189.560183931 37.6069502833 -40.5241110892
-265.140919833 -154.957224616 -418.689709276
-318.892175648 -114.553279223 -791.528214222
54.5979045718 -50.2786251433 -95.1480242479
67.3825671748 -203.579205694 -482.926026814
13.0356601557 -138.822329303 -847.518542524
31.4887577569 76.1622616632 159.903189726
127.611930469 84.7057743098 472.25176785
99.6451958159 -8.0533156685 552.310352855
228.430470933 44.3601762204 719.464952389
269.272873017 57.7942488466 350.006231127
360.607051757 32.9738251821 107.477328195
406.360250264 -113.558617722 -72.7343571109
-100.302187647 133.684330199 497.148161371
-270.815637221 203.405590714 299.476019266
-382.5876041 104.599961212 64.5165442526
