-32.505489245 -7.81731605578 -102.779377468
-179.790144765 49.0508630396 -40.976922082
-257.799126374 -144.226316675 -413.084946192
-305.665453454 -108.056465023 -781.855704229
59.3396887572 -64.685548214 -93.3691417141
26.6962960333 -222.366915602 -475.376847208
16.3839792415 -157.243048565 -836.053947497
35.9884204462 74.6560351601 159.32209556
94.3181830822 85.3302378087 504.484920493
86.6301011118 -4.05455123637 556.550531491
222.350332241 50.5093975926 714.19292487
270.488514464 45.3791631931 349.157009092
363.206610126 17.4598296308 112.607900312
406.744224148 -129.958381491 -78.9371726551
-92.6785293104 146.673117823 490.023481942
-254.722884298 225.669673055 249.485850398
-368.871689925 127.13768328 59.2738691427
