-27.4123818733 -2.48766381393 -109.541482223
-167.002139014 43.7508608412 -53.789129563
-244.285687832 -158.775734996 -428.897728775
-334.101379909 -107.474476885 -759.426743809
72.6100328106 -48.7262227024 -106.505593432
50.0651237695 -213.424214057 -495.17966147
38.6134238666 -149.126519665 -856.330835229
32.5180572909 79.3756472647 160.423429025
99.6815965519 87.8106843498 501.158257727
82.6453076433 -4.92291509541 567.912671186
197.682239412 53.9496169246 750.920171534
248.026377978 58.2656520008 381.537891946
340.612637606 30.6503602709 105.714744455
427.43449475 -122.726669611 -34.4167682686
-90.5529776279 138.446795528 485.468932707
-283.270865903 205.034446774 230.653070084
-355.512876491 96.8391380494 36.4288360185
