-16.0434305927 11.4188553547 -106.303662158
-153.119399842 58.2627957751 -52.3210390411
-267.810377247 -156.401003581 -427.828553063
-321.500433719 -101.095269613 -758.647544906
93.5809750085 -35.4251233456 -97.3881749055
72.5236265514 -211.548192539 -491.946965972
64.027333351 -138.911718179 -855.648691333
34.4492875347 83.1597609103 164.769543782
73.4007365689 81.853263789 503.377894416
65.0501601987 -14.6457840853 561.577871941
163.224425908 39.5175330197 752.018157299
255.071399322 50.8043127467 386.561073902
352.868708439 13.3964649844 155.713029475
400.115042672 -127.016424377 -21.2440637343
-116.723296644 134.857588645 448.609218133
-274.924199399 203.348728614 231.728283365
-340.734541 95.5457694227 -16.1370367983
