-14.0140503824 17.3419781619 -123.303491864
-138.265551787 50.1434936021 -97.5656674196
-253.058860886 -166.733429012 -450.042762019
-301.009313652 -107.629905134 -820.900780771
78.50725564 -15.4595996062 -104.296755953
100.787890747 -206.830361181 -500.042442253
93.8871118899 -110.566886022 -829.476667683
29.6352361821 92.7129903646 157.690662301
82.1448791354 94.963000709 512.397801857
62.8014597139 -5.11214532754 571.682531957
176.360684363 55.8884812621 767.381816894
231.309904947 73.6385117627 400.591107038
333.427356596 6.12428959521 172.051725397
370.178914509 -139.766930875 100.338463031
-149.929208407 133.233783669 454.05714639
-302.907487291 174.591805602 182.937778252
-321.433575832 43.7144251493 -25.1051558569
