-13.8113305388 35.0164267887 -116.528339578
-156.630214924 36.2002173789 -100.204699467
-212.954069267 -170.875634827 -456.116355438
-263.21189384 -78.2706916517 -827.4844146
99.529959576 33.8326180371 -105.317620531
139.598577723 -161.378423032 -503.224023994
127.709377602 -56.223955306 -837.257629054
8.34725740884 91.4492987686 169.19769505
51.3288427099 72.544335479 521.250306684
44.3391129547 -30.2252125679 572.888009403
109.188557233 26.5501125656 776.397796024
201.868573058 85.4737685398 411.323987354
308.664656092 53.6325348422 223.646542872
343.434192442 -87.0512417045 105.990945849
-182.064899496 80.6460032327 454.268136885
-288.918271231 98.756259862 172.666998542
-277.543387691 -31.2969055437 -81.2565848022
