-7.79441780659 26.832107932 -148.320310965
-152.664080393 39.0892761542 -147.736343943
-214.204116953 -183.156414454 -508.084008841
-259.846007506 -89.9996953719 -851.769898456
110.2033078 14.5749155148 -151.121356926
147.778142539 -197.824289116 -511.191995682
145.867227676 -88.7174564107 -850.373572086
15.5467677287 100.983109384 157.001619278
20.6596359607 98.141040636 541.416920972
35.3648664389 -7.7527296247 600.192239295
115.416061445 58.4463609951 806.83444392
214.349341602 92.9263965088 429.112576962
314.902042375 27.7131926166 238.256350383
302.214252934 -111.550789563 121.849637178
-179.698879754 117.10868524 471.483171662
-289.013738385 120.891375744 187.021018676
-275.963189355 -20.4070115995 -14.4708840572
