-53.1075506958 74.8218048403 -100.726026563
-158.051073992 2.23516613024 -93.0394631785
-174.431854982 -171.218808543 -439.219492279
-196.080264038 -51.3949190933 -818.351367115
43.8615864671 147.408563397 -93.6209306924
164.392678751 -51.2485978219 -444.600027669
191.53854941 2.48947412245 -824.500833079
-49.3864157815 90.8661431404 179.440955549
8.54815578157 33.7163175889 517.282898903
66.6946722113 -54.7168206829 549.00962964
109.319965146 -13.5088083233 765.832816578
145.775797187 126.997910392 407.773721234
225.737295256 162.53477601 125.917669662
225.136681594 6.41127159031 106.258358384
-179.370242527 -36.3333966455 451.524407132
-268.54990388 -93.8340046017 167.309135186
-137.827370159 -182.809413613 -74.7333866446
