-56.3479057011 53.5469357622 -110.460790818
-151.741749908 -43.3980836357 -96.5826890785
-169.212778447 -161.907186731 -466.739846714
-197.157812644 -53.3927410808 -855.03721198
44.8397318458 150.492120847 -135.56717649
133.464583439 -4.45211524616 -464.483314764
207.827628238 19.2826668962 -863.222100361
-57.1700998956 68.4598227638 183.988839244
9.80520805232 18.389691376 505.627268735
82.6479772232 -58.3914771183 569.775636279
124.572442531 -23.8457869245 805.542311453
144.501810958 140.607227096 432.654782912
183.975256981 232.030882354 187.290326984
246.308269632 99.2460091773 111.371738546
-174.860971504 -77.6800840698 476.181381862
-268.551471309 -147.208510186 184.012726685
-133.770147854 -220.651832082 -73.3241525746
