67.967882649 79.8047504868 -47.6198679858
-49.4613903451 152.776081089 -16.6428337083
-166.110120949 32.074691703 -404.940614239
-300.782274211 83.8084739454 -799.999828153
171.539355663 6.83346575267 -19.6480539592
299.841600737 -63.8754138407 -472.863559324
406.691982865 100.583866115 -801.562905634
52.9298464127 55.1682972777 187.997191966
24.6120839359 -17.5701061216 408.472376379
-71.324512585 -97.9857332593 464.664258034
-115.926819923 -85.6341836452 649.553757011
146.291842385 -90.2748897269 388.725959152
307.819374843 -207.293484934 179.105754341
64.5354538431 -314.815533223 84.8920601997
-138.817491145 87.8924219495 386.423271601
-243.275936982 204.200216239 172.658893528
-406.957660736 61.213652581 8.55451417392
