-44.8837366108 41.7872129776 -77.404730348
-120.964522799 -58.8729824932 -70.2423935328
-132.093405381 -159.882219276 -418.249312954
-157.22086914 -58.6546029827 -788.335917367
60.719319489 142.44745757 -68.6295043222
150.877498881 2.04063297683 -418.563415667
226.632262112 12.7838756661 -791.608545408
-58.667525812 57.7116091064 195.527317866
-12.2209801912 15.134234142 533.476583835
70.1603772779 -57.8226677488 559.074812842
93.4459715344 -26.1348353986 780.504577843
112.280790037 136.266309091 425.76359397
125.686856119 247.388522436 131.378880748
132.539123363 135.926198448 -127.427804395
-151.979618294 -85.3235726874 466.107897838
-227.757912028 -150.342735294 141.525936687
-99.9445136873 -205.333048222 -61.2681852581
