-51.9664763888 51.086521904 -82.3867887282
-153.504067834 -51.0498793432 -77.4541390181
-122.593220737 -161.665179636 -441.734881817
-147.187058171 -56.6456122857 -819.644478904
63.6309165394 153.223014301 -76.0380097229
157.726778865 5.6171407937 -433.008129391
191.717207357 34.4086863175 -774.873890555
-58.3498688624 59.6675780892 195.822636789
-0.96777679286 5.76443837705 534.210676176
76.4864201216 -68.8642860049 559.931053886
102.942050273 -38.0296136765 785.987034857
120.677842009 130.062399086 425.685536073
137.583626845 239.715140417 171.56888715
98.1830162221 123.444393272 -78.075793798
-143.51163756 -94.0443380987 464.523814797
-218.40443617 -153.237401253 131.804426294
-86.2932408308 -190.47667128 -77.0165038836
