-58.9139323348 16.0171585661 -92.7983219714
-81.5167157937 -136.830024228 -103.654500077
14.3077668035 -155.892742745 -495.619582245
-18.3083617316 -99.959476916 -897.512828774
-18.0992998624 168.864552512 -102.65105506
11.8672624192 145.368698413 -432.315140699
-149.674156959 128.099279689 -721.295094951
-53.7156236086 13.7876721668 200.261195673
52.6340425437 -6.71612110523 543.985677457
135.779842395 -30.2130434422 580.058294794
132.627076148 -19.8332489066 811.717418184
57.4808428867 157.328498488 472.370716839
54.2929689486 292.517426845 178.590121532
84.763638533 254.065388461 -50.0612292314
-56.2070516582 -160.5853737 470.623395534
-85.4322509525 -274.552516536 165.508506678
1.26423865961 -287.34957576 -109.302549695
