-66.6409849736 6.5299544478 -76.6320175288
-64.1975446318 -147.206820846 -58.4251499098
30.9276629394 -148.319911565 -439.256589658
10.3934415167 -112.362919304 -876.876763651
-51.7974518056 160.266838524 -98.9037568975
-28.5568128051 151.094744201 -427.488650857
-132.739731844 111.396264511 -763.808016262
-55.5244093547 6.65991856918 204.987053674
31.6528965996 -2.42397735078 529.352846793
144.185407377 -12.0877550735 561.857029689
152.692872381 -8.19651119224 789.253754833
67.6667804344 159.869638576 459.005397572
8.06649456875 293.271704273 170.185612302
45.0987600347 272.786180196 -56.2067020324
-28.1292827201 -160.074334699 457.935719085
-62.5525679164 -282.963239294 158.290884479
21.474483233 -286.865274366 -113.729984162
