-68.2647327518 8.49716161262 -64.5189573576
-64.0786866139 -143.319689774 -56.7802918513
30.4931780537 -145.8545205 -439.140990199
10.386910036 -109.422982736 -872.68485637
-57.4412727288 160.314124726 -56.1368705502
-29.1873432241 150.473792275 -426.315689185
-131.11769079 118.080259221 -760.699919269
-55.2435678581 6.6370402257 208.402575278
32.1119593775 -3.78738947007 520.920487744
142.62028897 -14.007069636 552.265262855
152.014838262 -10.2778516355 776.968656431
68.1563344347 156.212658526 451.563096448
15.8852899933 285.754181541 164.815274891
45.8366375587 262.204412531 -60.2788484298
-32.9482832177 -158.883670232 449.920031062
-61.6103130852 -279.197843351 152.256493724
21.4984419301 -282.229634133 -117.406135535
