-70.2310171175 8.53776073004 -71.7113506757
-62.1856121888 -145.525972481 -66.7318775741
36.0939551928 -150.309444446 -450.287828801
15.6725625832 -113.719595476 -893.080103684
-55.2042740817 162.601615714 -65.7560715875
-24.5153084754 151.942189866 -392.151522584
-124.704329688 113.351510058 -775.649647532
-61.0884415377 6.62809842987 204.741552617
32.6407162923 -0.291868482153 518.961260436
136.292309893 -11.974055342 554.072829139
153.664008299 -6.75672725091 777.988479597
29.460209322 161.226786092 448.078916311
12.1810338106 291.846420821 157.146652155
50.8942241236 260.93240639 -68.9284884405
-33.2336234671 -158.196196766 453.49969972
-58.2506950101 -285.359520497 156.535519404
27.4871332844 -284.623000966 -69.0771564716
