-66.9061987922 2.26529368005 -76.6432482396
-52.1731647629 -150.091676802 -75.4584873786
-12.7073536672 -145.048226105 -465.994396424
-46.2421764955 -110.224047152 -872.583351958
-57.0915801305 154.622332852 -74.0134686368
-27.6670640822 158.700871757 -414.946307169
-122.794321138 121.733823155 -802.297773292
-59.0333476064 -1.54213172875 201.360628993
29.7138238127 -8.23500109256 518.879801475
135.353269179 -7.13065020674 553.535355229
153.614279966 -8.62655764219 775.731502034
18.5007331042 151.508023422 449.876307512
-41.2503351759 297.597009014 199.772476742
52.881700349 294.920581549 -15.194037022
-23.3811502391 -165.406295249 444.81304497
-37.4819343954 -297.728137707 141.482177086
166.078542848 -287.90282081 -76.0489530305
