75.8569723112 86.7459023937 -62.4804284797
-26.6323281988 166.138624464 -31.6931494814
-196.469790948 3.44970684124 -397.584330839
-326.512331346 45.3643712733 -800.830952445
193.083910265 7.3532684586 -33.7658483826
258.929277201 -93.2490003004 -475.961101048
358.404788076 45.8456628189 -863.329104566
63.6328842983 68.8641321195 184.557413519
4.81630325355 -2.19494698704 398.232212115
-63.654240078 -84.3148257248 483.467026001
-81.4532171959 -62.6869176865 688.089627597
168.74400223 -80.848880615 427.874707583
279.42200734 -197.07351093 172.430966329
96.4072105232 -293.342197526 81.1762488058
-156.590278325 106.412646041 374.337371419
-214.565585426 203.129855182 157.58500108
-357.58396748 60.376177014 65.9701122106
