-132.160813087 -9.99641139143 -85.688596335
-129.330238894 -166.052576454 -81.8830620148
18.5725291602 -153.377873626 -479.174817356
-68.884573363 -130.628953157 -886.173715765
-145.258649785 146.059881646 -80.0985810972
-52.1421769441 169.881358722 -420.199064101
-152.563010663 113.145491893 -815.968414095
-94.3155943098 -9.31501892601 191.7433899
18.5490189483 -2.50154245174 508.64266671
134.765107693 10.3161411512 529.169996317
145.365500189 6.62272556362 730.364773446
-3.94331704095 158.115208569 438.560661927
-3.50208630517 303.599463202 153.356732648
105.785117248 268.566188591 122.091531804
11.7397080176 -165.374211107 435.178063553
24.2493061824 -296.053495212 132.23846752
231.362873314 -231.778904031 -6.0430039168
