-137.819514541 0.0240289612728 -100.228164559
-138.700809391 -158.943485749 -104.511521313
14.6223872713 -159.268612341 -504.764063984
-71.364759489 -124.300023498 -917.759788721
-146.66428324 158.991662895 -95.7555924595
-51.6213824841 178.269685067 -439.098820062
-160.013866674 127.073891521 -795.128326588
-104.181474596 -4.05179960052 184.706501504
12.4141857906 -9.90835149245 509.031333649
123.840069655 -7.27006076567 533.791994742
142.527179391 -9.76364576978 736.561597668
-4.68368344646 157.063295803 438.866256794
12.7836111046 317.09035407 196.613612365
175.197525236 260.320282973 128.10964281
-41.3781925544 -173.6380592 433.049930903
19.1703614508 -306.092141203 127.821221539
237.711727118 -238.221356885 44.5055637976
