69.5401268639 75.6019667172 -77.5965889779
-42.746158312 154.816913459 -48.0952410829
-223.520029976 -26.9030081211 -407.832943227
-346.448480666 2.69464698414 -804.723050496
184.989316649 -3.61294291328 -50.4970236808
238.57603629 -124.41865921 -481.137809255
335.138859603 27.4739157954 -807.127948564
69.559099476 75.3476957651 171.185054512
48.1824480598 21.2102567539 433.65078201
-45.7126689658 -62.0600346089 483.4971529
-78.4665949531 -37.7374801893 673.802794326
169.141550253 -57.9581832651 412.929522706
324.150811837 -186.491348014 161.313853138
92.5348623235 -296.612417984 137.897213444
-113.60022196 127.204720849 359.36011374
-217.101244277 222.468979379 141.95718165
-370.831154909 64.309439007 52.1944696296
