-126.247158649 12.8989931852 -98.4976836293
-150.759380619 -143.405956375 -104.606692128
-55.372635995 -162.937118725 -513.431818693
-88.9810344494 -115.289538572 -933.026338701
-98.3497753437 169.204091765 -96.2513644773
-61.8855575269 169.413059546 -448.578002785
-172.109033256 144.185059827 -807.061536741
-98.2055211005 6.8622548344 186.86780236
4.79029934743 -11.0863949606 515.911374501
117.592947778 -22.2742068164 542.050356696
134.5221768 -19.6311942558 746.66542578
3.42013318322 155.719358583 444.49159979
70.6374673314 304.608926012 199.352284899
234.477409158 225.855333374 122.828449755
-56.6322805576 -170.409911245 439.301555507
5.49938303104 -301.187627599 131.578703302
230.742828973 -249.19536707 55.6026441387
