-122.935401129 13.0528306099 -97.9035602594
-146.199645086 -141.699128531 -104.792252272
-50.3589881494 -161.853198363 -512.514113495
-85.756428891 -113.740303631 -930.817075123
-94.3147833795 167.804943447 -96.7595890822
-63.450772498 170.29434606 -450.00322904
-230.30116628 147.566640196 -802.977237218
-92.4223480544 7.62908897647 186.43087107
9.59137417934 -10.799764564 512.554153296
122.014867809 -22.8132539676 539.520861311
138.557697084 -19.6999684489 741.94608253
8.63326475091 154.24214023 441.56437657
83.2502523509 302.709697884 205.066902682
247.034769129 223.160217749 121.940426695
-52.0995774935 -168.17509869 436.346633507
2.1162934308 -300.853812834 137.583149587
233.297710918 -252.65188598 54.5683705294
