-137.079832435 19.1217854605 -102.467738998
-146.79047725 -135.469184893 -113.00140533
-46.258965974 -163.398953694 -518.984345785
-75.7973542628 -124.452807162 -938.752408404
-134.28758859 173.71289486 -104.989782767
-108.422353906 176.223050052 -449.866299483
-226.005376379 153.822985481 -812.53533101
-98.3853264134 12.7078017792 182.966780948
17.1127866287 -2.1829777214 502.984132906
126.906152461 -19.6514173343 529.636672386
148.744985275 -13.8421224459 730.930131316
19.2834276954 161.46127614 430.529611168
100.663692912 302.872248057 194.010606535
316.870724883 207.597060488 114.161174843
-49.1588002916 -160.379226295 429.996713175
-45.3834784842 -316.841108242 185.843893288
229.428777819 -284.591304525 110.404401965
