-131.811927368 17.8601399564 -98.9486601905
-139.95286403 -137.737460869 -107.05677639
-39.5590217042 -163.037201702 -509.240673314
-69.7716033881 -123.197306545 -928.681293436
-128.960789538 173.457840465 -98.8154335467
-104.425893677 175.136786482 -452.290859449
-217.712013862 154.412984346 -855.261220001
-93.5742712553 11.6333086274 185.614349256
21.714636671 -1.73022718915 503.65575893
130.71590409 -17.3540656793 530.296874096
151.884230827 -12.602775414 729.478076121
23.2799323794 162.370487728 431.567760487
102.764173038 304.804775871 190.689509743
314.298692601 215.986199961 117.880073491
-44.1333788341 -161.011027048 431.544230744
-44.7189658397 -319.936453605 190.653036744
175.292865424 -290.645722629 113.931706678
