-137.644816351 32.1384920609 -95.2966305928
-157.25217129 -122.052714078 -97.6114639178
-54.7474832791 -165.471156069 -522.384643265
-81.4279914979 -122.269222901 -955.963710933
-132.676301243 186.329841943 -96.0432080256
-123.106942118 182.768496037 -464.840449875
-244.40486801 178.157504786 -879.910379667
-82.9330637291 20.726724933 190.64791123
27.0420228727 -3.35778328889 475.676285595
155.326886005 -29.8954364791 524.219974277
207.706689192 -21.5228565971 743.847042175
79.0496930436 160.630809299 401.310301693
167.393625837 299.309227334 210.463968828
333.454102391 194.030388533 138.382481212
-49.8243014361 -158.335361701 454.431546062
-71.13344214 -327.458340785 215.573176529
99.9273677207 -318.530616726 134.099934016
