-131.721510218 36.6789167797 -93.7890010571
-155.881009115 -110.773226094 -100.247386445
-59.1212587723 -159.339156157 -528.746264383
-79.0313606547 -128.148792698 -963.942713942
-126.05277474 184.131195959 -98.4392241697
-177.809618944 189.420196734 -471.655981334
-248.807881808 194.186277788 -889.538860698
-76.0044830976 23.1033325758 185.582739073
31.2643117094 2.87181002859 469.353524093
156.412869699 -30.294748323 505.777653472
220.245316583 -20.1582940325 691.345004825
86.8855795448 158.557934059 393.804587765
186.417394993 291.540171151 207.341379006
400.877831405 182.452422066 129.101667985
-50.3556330771 -144.69629379 452.015974647
-125.740102725 -333.347918542 273.984824681
97.1092056336 -349.949838623 201.281745817
