-170.165948454 -0.259565817809 -92.8806950486
-178.881578353 -152.922405824 -90.0411935341
-69.5155705275 -178.32224375 -484.010722192
-108.377384875 -144.495129628 -900.061351429
-169.76376865 152.403401226 -91.2580395854
-87.1710791388 171.771521377 -429.723047792
-245.928399052 130.797110986 -825.391737584
-115.882082906 1.98821933305 177.702736784
-3.65695462545 7.35953364193 461.168474231
124.376834342 1.89316377284 493.052853935
176.256514247 7.81119117101 674.728813891
-9.47722167323 165.42492242 388.744505612
61.1418711498 308.636255732 149.943609456
285.978007552 215.769843861 132.328123017
-60.027680062 -152.652173647 434.101018697
67.362642615 -309.017543818 203.085536006
342.060601508 -226.186101023 149.76840506
