-189.276109365 -14.7717283245 -93.4686555044
-191.904762438 -169.142239943 -99.2723304044
-41.4111550741 -173.898577158 -501.604593663
-134.451272946 -149.415079915 -915.130851665
-208.866247272 139.598953151 -91.028662784
-105.746754528 185.469772706 -435.034098685
-222.608323825 119.523612099 -784.099097914
-119.435731469 -11.7930019989 181.894876567
25.4045954271 -7.48394765394 460.220593993
144.834140244 6.37834384883 493.110141991
210.757079292 2.3379418384 670.123599629
-40.2331351173 154.011974245 434.811313757
35.6269425083 327.988824103 204.205540262
255.267096951 260.577951065 208.74242954
-17.5213789781 -168.15002002 428.449473691
109.694579265 -295.409583319 137.366424468
325.992736848 -185.760974368 54.1967840675
