-184.94845252 -15.392373273 -92.032001696
-186.994930032 -169.590883791 -94.0687530403
-36.126154549 -170.538769563 -507.142901019
-129.080727357 -146.326725462 -923.769038017
-205.499555378 138.806300894 -91.7051961389
-102.161038923 184.926901974 -440.214198167
-219.387376503 119.229556566 -791.770672643
-115.246237273 -12.6173683462 183.848954193
30.7463231039 -7.96110377785 462.676792805
149.04644613 6.85278405839 495.13914529
217.384162887 1.79736823706 673.724455939
-35.8067037258 153.311669198 437.234789369
32.8216003035 325.56797894 204.911099195
257.889619066 255.697707046 209.276976578
-12.6505832775 -168.758812294 430.843730393
112.038629581 -295.155438651 138.650933285
276.826734909 -181.344935395 61.1731195839
