31.8715332992 47.2080393006 -139.247828882
-93.4887731477 134.390939636 -103.416203779
-290.088104373 -77.9241980461 -477.058869224
-435.439092564 -50.0046406382 -840.251339998
143.586581019 -39.9747572877 -164.040649384
197.898870976 -159.129334341 -566.286188328
287.032267982 -7.36427548452 -906.541590996
66.5843921961 82.7524960858 143.197291949
39.4398414636 56.3584326911 437.449853578
-10.3245703734 -27.1147511878 530.469054049
-37.7240813278 14.4305211824 752.957730009
217.336117188 -30.6525973771 410.829635711
317.978560565 -162.450007335 134.089871419
126.684417656 -244.3896578 194.902222641
-80.3990049112 164.344204005 408.340403196
-203.419698298 222.015425849 212.356282463
-189.397902265 54.2266409512 297.092953625
