13.6885644661 34.919307927 -150.709789129
-97.1960432812 85.399878033 -150.880309579
-172.540358982 -86.2552599767 -546.4206061
-157.980322252 42.7911183283 -831.788502004
154.649077508 -15.5611934013 -154.191379837
127.884009608 -155.755166115 -632.132777228
132.254373398 -20.6136143296 -977.433966749
35.0509075174 84.7211813108 161.086260853
46.6267337366 63.7043661223 485.915223554
12.1253089422 -33.5440404271 605.249580513
34.0070399125 27.1479785563 823.062173975
231.806296655 17.3670293321 453.652911916
264.825968398 -72.872989104 154.530788529
143.123279813 -178.433373511 57.6167887886
-148.410575887 125.471970032 519.003937242
-283.745123149 111.359918521 315.420072584
-275.304355503 -39.2394101727 242.223663639
