57.6089432242 35.5655232434 -157.974906452
-64.013812419 164.829432946 -164.069848846
-107.321893694 78.6618744563 -554.295934704
-60.3469971034 135.739264524 -829.842302883
187.312495957 -93.6981427637 -220.216278116
109.855297398 -172.410092757 -639.041117051
215.458494403 -37.5162666376 -974.203313446
56.967814478 36.8058546983 162.225365806
1.29701286979 -1.68628333591 513.575699239
-113.214148306 -64.5986912911 567.572534413
-205.283490519 -42.6305841364 778.987749755
109.277207422 -126.007156636 491.101840029
278.908121699 -268.530997215 222.191755489
22.8979198441 -320.382274054 207.028280418
-87.8514570292 154.14758646 436.750377536
-122.245810545 324.642910426 285.707527048
-277.943088283 196.586466748 222.081254252
