31.3602397513 24.8511203861 -126.775344797
-71.5971581606 154.976293287 -140.176436545
-116.092677168 84.5148122277 -489.203506025
-75.5970899233 130.681584937 -824.745720067
121.501797172 -105.273756651 -151.819625579
106.626275838 -149.957737181 -636.843066524
216.320447649 -31.376250094 -986.073935908
33.2772835818 25.0877041151 177.339498226
-61.5877413683 -11.6860327696 522.038438328
-134.245440316 -68.0257975633 559.79836266
-225.021380172 -48.6568661546 786.213949942
99.999649944 -132.405254799 446.238644485
297.0276746 -240.667289035 224.241299557
112.436124275 -299.460618942 122.579982727
-93.840799596 143.628599411 444.371728682
-104.683846317 323.903994449 232.524128612
-205.491276737 224.466570039 211.296268868
