11.2608376383 13.154846213 -150.95625813
-112.951100596 92.4794280021 -165.59378042
-136.323570465 -17.276156512 -528.819341028
-91.9760671861 95.3735221714 -884.603806691
130.033159647 -66.1695855146 -166.129058458
116.241191138 -162.366397273 -606.15345249
196.483501507 -47.5830100079 -1044.21480105
14.7368441934 45.9409509254 157.395828674
-11.2033965313 25.8983239372 477.277643192
-84.1879925714 -61.4944869595 565.555838985
-222.255594941 -19.0295100355 757.422189637
185.425465523 -32.141441516 458.167002609
410.025608095 -88.7323254733 257.076503635
405.355307727 -236.330500826 232.65050985
-187.397310296 128.211412985 443.424181048
-263.268053964 228.49995342 304.681835974
-418.189139635 113.891393886 240.502448884
