8.12147623113 51.5272588893 -202.268101962
-124.389235671 28.9011092178 -217.272296082
-116.325215458 -273.894240186 -443.950938136
-100.387057541 -172.304636607 -769.783006925
182.627424923 74.1534004476 -214.759369199
198.546463521 -215.759658849 -503.556497413
107.302498208 -142.199535583 -844.656431088
-15.4179543817 138.209316909 104.923072929
-30.3686550875 143.132976486 457.788162683
-46.1887385857 38.2656783565 562.74229151
-149.334732826 113.791238711 737.01420677
163.130516228 169.990844453 500.598767841
379.332954203 90.721627163 259.564060298
285.16879382 -77.1623973302 347.084557014
-270.181281525 124.059294463 369.181420388
-320.381662386 24.3153495922 73.3663513181
-204.740810392 -119.099252271 66.8722821479
