-26.0169128161 51.0967375859 -113.341612325
-159.457766816 -3.33221461816 -96.101023611
-213.572441013 -102.442240529 -560.724627592
-245.837529006 96.422773965 -821.706371828
134.717959142 105.525654896 -94.6518162929
147.812675721 12.3199525843 -563.446417633
63.6681178939 144.729402335 -904.022053097
-35.9393538098 64.5608772557 158.447584652
-47.0174158138 23.3833385221 426.721578847
3.89508282542 -64.4215238423 525.079417239
-34.0276691456 -26.465584873 692.661165323
131.13919129 100.989276231 469.678675949
339.116175848 130.042770787 291.688267783
433.449177954 -35.4075342582 220.725714417
-224.769797529 -32.0971240266 398.786613554
-254.777407961 -182.346326834 123.249800023
-70.4432705405 -294.85730066 193.538380603
