-105.348364337 42.3793541466 -134.608217137
-206.890698939 -97.7064717719 -137.241890322
-118.989691376 -170.034212065 -531.38022612
-222.602081745 -70.3875144842 -995.96208436
-25.8544658926 182.465332872 -138.122961625
161.029412141 86.1302619372 -507.310363703
129.470576525 109.104117924 -863.709452577
-96.5536307562 40.5942267482 161.729712117
-25.0109929082 5.0952522765 451.838787887
84.7171602674 -44.5860088537 532.887359935
119.643618701 -24.5295680957 753.368845511
55.3101525969 165.761251365 420.393509355
92.8311919943 312.332778623 219.773946841
244.25023884 180.154054484 229.317550269
-127.198771315 -137.308860228 422.036429504
-136.941826043 -315.810178704 223.525114027
60.9533374884 -303.806194622 233.861479659
