-27.1291110732 66.395008311 -123.787925413
-167.070724431 33.5645953951 -112.495040937
-222.661183731 -150.914071636 -479.820519228
-230.644072309 -17.180099218 -866.621170568
125.82907519 99.2254538454 -111.364700226
151.222437999 -101.170804109 -475.975828554
192.606968364 -17.9841529293 -870.032499008
-33.8317289738 101.1110123 161.375183986
-50.5303729673 61.6389688758 463.128833609
3.1949783216 -36.8162784832 554.809959859
11.9994892921 16.0967261009 767.48052578
131.650904648 117.260779892 440.500506358
310.458732165 121.383750871 243.000006854
388.254039283 -48.4593487788 170.916361579
-225.319238672 25.4958255905 426.994712546
-263.164547202 -70.9602855271 97.0940353791
-152.631507608 -205.866318081 74.8821417374
