-24.0981907232 55.560751465 -144.337056937
-166.463848775 6.95843954661 -161.918982596
-155.385257431 -199.334328056 -508.171151088
-157.543978272 -50.6652790269 -825.098210351
115.11992404 104.163072993 -114.430472142
193.194534414 -118.499913871 -508.768697576
175.539212514 -40.6674429088 -881.298011434
-40.9191222858 102.865084528 155.587142459
-57.1891043325 74.8332587654 494.297179727
1.19468709751 -25.8968916663 576.570108813
1.30258702066 29.6990519915 787.614138202
155.73829014 140.488259878 469.753274793
284.628772302 150.842776074 227.735574927
344.373995232 -15.7464689095 147.342982885
-232.304505969 28.7705639969 420.019863095
-324.100653442 -62.9737730196 148.837383949
-176.909967417 -190.245900046 73.5674043411
