-15.0941774738 52.6573822608 -154.756022459
-152.450661818 23.1504933061 -156.550660925
-200.626150359 -201.665923945 -492.561382525
-202.290966584 -54.1885978598 -810.925076846
132.377058123 82.1642708425 -156.062415474
194.887754519 -152.511675518 -506.929733234
181.066873577 -82.6500436454 -928.831054929
-23.8718687662 110.406822045 151.580091188
-37.6959046885 89.1545083705 499.313775307
9.56207960686 -16.303651615 582.788610577
19.3477966014 43.9838061899 791.10076412
176.100056315 135.656555153 473.332608515
303.642543029 124.662720631 226.819192053
350.226666594 -39.6951587465 155.7630153
-214.050444193 60.8613358671 426.629037938
-318.655205957 -18.5389219545 166.801600039
-231.87941515 -159.898357189 84.8012407361
