-6.83763168564 46.1475396189 -154.51114105
-133.394094037 45.2874367118 -148.79139023
-191.151753875 -201.072600103 -437.443612903
-182.264120793 -101.528533878 -821.474875603
113.675566449 47.0076451034 -152.318030907
154.81850621 -189.556960009 -509.158002385
85.4379559509 -122.276678322 -947.725990009
3.76739470735 112.841483501 148.124201269
1.55841826661 100.230350658 473.760575744
25.083310055 -6.59636245335 575.499870484
59.232863993 56.0796811388 773.785939846
223.868737266 114.480697101 445.727851961
345.421325296 74.2389444531 241.892741909
339.284484283 -69.6108727935 110.680907712
-181.867346152 105.087995918 448.800044373
-350.572997412 64.7792009241 194.000854915
-284.047545454 -75.5389675643 105.081444124
