-4.60792359673 39.883432472 -151.6003159
-156.914805835 74.019748577 -143.429344968
-232.626495612 -183.64172924 -421.980210775
-219.906352815 -112.52611157 -800.373084279
124.426338569 5.74712610096 -155.23923424
110.396469951 -231.917434547 -495.394956484
91.5364631846 -163.101732624 -923.185508485
23.9459571074 110.655465691 149.118662051
26.7152715054 100.07027512 467.752446625
34.7754091622 -5.83862289504 578.425452644
80.5327703631 55.9060050365 762.707060215
250.374410214 80.5997382127 435.903951377
362.804983821 34.992811264 176.403177013
347.94739436 -104.454161598 24.9315761566
-147.009505521 140.361473949 491.733059733
-320.058978469 145.498825816 247.664650084
-318.217963736 8.67577541565 106.646104775
