-14.586768736 46.3247582943 -144.599087257
-171.615284949 64.2923761207 -135.644163342
-183.48651546 -195.479759465 -410.695364557
-168.589460114 -108.770439794 -776.253578382
114.081180003 28.3571497749 -141.859607495
91.6781313359 -217.485924356 -484.58562675
73.8058075909 -157.40619067 -907.388098555
6.06628901215 112.489798707 149.375866474
18.2807641546 97.3096816547 466.023555199
36.5198309024 -6.7716387226 571.330469381
73.2436227598 57.4476531547 757.703126209
238.580830156 97.7114979448 425.209672286
343.545186906 88.0359896617 108.923103481
325.077289263 -57.8561364909 -50.2693828422
-155.188136638 117.68020726 491.791568683
-332.042310801 83.7411461693 252.974769114
-267.371104216 -50.4992140902 178.145615737
