-12.7160460756 36.8665790412 -129.478652449
-178.906019029 72.1406236143 -87.8646171757
-187.631507693 -148.932275304 -416.908464995
-117.063255226 -62.0426538427 -782.793921974
100.463097828 1.59255535488 -139.523129858
68.7968959492 -214.515613561 -485.427082019
56.0984686896 -141.700446588 -922.110709946
18.5622460226 101.259883448 156.290669046
58.1087753604 86.1933077807 463.803620886
40.9205456951 -12.798496294 569.641641424
113.412954826 49.2942987677 754.072562427
230.064510671 65.8919454241 422.178096707
325.262073719 36.1901884892 102.239615842
244.603684992 -91.3663285079 -55.6455366568
-157.40351572 125.227752774 490.219897356
-286.197077106 114.066612323 250.017840101
-269.609087276 -21.7488392156 173.838434003
