-107.818563184 38.0082058339 -84.8219626526
-189.148212959 -100.815413984 -74.531240275
-98.3778682968 -164.076547303 -446.732882775
-263.45791177 -58.1281464337 -878.742729752
-21.9987159377 176.831923253 -74.4221485299
162.29780602 110.706757178 -421.830839487
70.5645682298 134.576926637 -753.179692238
-80.5112340312 26.0072904877 177.944591841
2.76892013678 -18.5306197673 460.27922757
126.392940774 -58.0009295848 488.160112115
202.55186299 -50.2369669495 692.791425466
68.9388780527 139.773919294 390.791612867
15.4186981059 311.118359132 179.065132501
167.812182333 204.001831031 93.9244232094
-90.640455396 -153.791450294 388.203593892
-162.518609204 -283.658972719 121.596170501
135.788857736 -272.455513465 94.8339308538
