-0.752341866375 32.0477168799 -140.382464822
-126.216336299 65.582173525 -102.051507865
-183.060520792 -141.503724671 -457.882776053
-99.473363394 -49.6600091925 -847.336218453
117.681946581 -1.48672968183 -153.03599211
85.8780365723 -208.05197979 -520.169701165
77.2780229636 -108.413811703 -919.398072421
18.7366822109 97.3855420574 155.962399554
8.52178882473 88.075247465 482.818316402
8.58416692529 -12.4197211476 582.574197908
56.6836474825 51.8985736396 790.527730603
185.131585905 67.5614255725 447.801732878
346.958692454 12.6877088957 188.70037678
272.63181235 -119.175672879 104.173075407
-174.444879389 127.317559049 456.923492504
-291.691999271 119.862095194 190.522951908
-275.878433998 -24.1952179043 103.83634349
