21.8590574783 56.9427521521 -126.269671586
-109.199040902 111.591329285 -94.6184257511
-176.837338783 -77.8047319684 -489.895110863
-96.3080243787 46.4467093512 -803.677129352
165.537062725 2.29422078173 -139.728258237
94.5059452073 -181.701548706 -508.290419908
158.115992478 -63.4357203218 -929.245011697
30.4334719088 90.6900867079 160.971842258
6.87912002593 55.5169884191 460.439114337
-21.1191366313 -40.6666694498 558.754032845
-7.78235015038 13.4324595986 750.35535231
173.840692141 11.7661880616 434.499266615
322.106898319 -62.3095987852 170.277408261
168.540766985 -174.012382812 88.3934351089
-163.596973523 121.691252925 480.242089031
-275.822344929 122.553653654 182.09922356
-259.980405227 -37.805482755 166.420543639
