22.8224264515 52.500140353 -156.880529992
-125.936708068 99.845904978 -137.187526135
-152.121033086 -98.4590163054 -506.679228269
-123.352930241 21.5131644686 -784.507900931
170.633558893 5.15445832363 -192.728922495
154.378500282 -180.683139117 -589.631948573
156.800475065 -35.7008854814 -923.744629641
40.2862364763 98.4078593653 154.549285318
55.8599532523 70.7841774358 485.082684097
2.28120932638 -29.7926317722 596.374520309
-3.26695473053 30.0884612819 806.450618002
239.214177343 22.4768114659 454.576226246
281.577488432 -84.4754200018 154.272102777
97.3582000895 -194.5701913 62.8973445084
-128.043262173 133.885807748 513.701910202
-312.874824694 125.425801304 252.002772679
-310.226640389 -46.4918857597 172.538350226
