14.4546740383 49.7531286499 -151.534691084
-137.668857841 80.9039743232 -151.724345099
-148.310030537 -130.91750977 -476.180011073
-134.406560572 -20.7099987365 -816.476252764
166.566837785 18.6023385717 -153.71298459
164.375157662 -177.826526945 -552.18377095
162.923762495 -70.3805755804 -968.834253915
25.081621899 102.78671925 154.117764116
49.8777098823 80.0159716919 467.382150372
6.11181018623 -22.080497573 585.913673511
-9.09943468369 39.8895257487 791.777892224
237.357983885 50.9705864324 435.86356126
286.912824735 -26.7843061465 138.875977856
171.129106594 -150.545164272 29.6925513986
-139.781826239 125.878584101 499.179130062
-333.27998598 101.232269046 299.397758034
-336.596687203 -55.0646379624 226.159559324
