-188.692159477 168.420327467 -38.0759967303
-274.129788969 65.5135092511 -8.62881191583
-97.7136386779 -209.0306589 -314.733898383
-251.851035499 -48.1289539548 -763.436957258
-59.4117400042 271.32727889 -7.49041056994
137.788272735 44.6141418576 -241.474961538
40.6531192758 140.075718965 -633.376742471
-95.3502273735 83.7739001854 178.016221049
42.9541581432 -51.5390838275 392.602129782
136.299638546 -123.825184915 381.97247478
221.506891628 -119.028697939 544.045253144
119.494506073 78.9586717694 330.615491047
151.307754615 193.687196707 142.731698769
211.586860318 38.8976616591 8.76661379514
-99.0637252163 -139.151421913 328.752767535
-174.55565051 -211.72509722 78.61997954
31.4340161754 -233.040422302 -61.6637981826
