28.1540018921 28.7565834495 -138.238428113
-89.7795947104 124.713279798 -154.491123692
-109.644468061 20.3197864459 -501.000294203
-69.3999137625 112.258986807 -849.007880869
149.9291329 -67.1998708139 -155.807606285
129.402249318 -165.089092161 -583.532948853
145.212416475 -63.6579874247 -1006.55082118
25.9517659781 45.0385517204 166.697679003
-51.9020941908 7.89565601521 482.484300312
-107.683552321 -73.935497859 556.533657264
-216.596929192 -41.5918816637 756.625911175
139.502018614 -68.2384107988 464.178926675
417.967629111 -124.886892512 257.31541786
332.274237884 -258.858855042 137.026344701
-162.051341262 130.411290807 447.939971485
-223.963467718 260.272096421 243.845494941
-390.949875384 147.943373258 231.565324347
