5.52222973258 43.9521521821 -124.449543487
-109.570605395 17.1556398446 -93.9070440478
-86.2602297252 -203.488413917 -463.471309688
-75.547278824 -93.5701873376 -804.670194072
147.752421215 70.7486080584 -91.0572831624
224.095461449 -142.82888579 -472.857752135
142.717146536 -68.4241959772 -876.323677291
-22.3334981391 101.395602369 146.715853595
-7.7236442668 88.461107117 436.640428452
-53.6906508953 -11.0197945713 533.080573868
-192.230582056 44.4451911421 707.45846448
129.468073794 122.784293913 425.921146638
390.312783467 118.576066023 226.42414188
331.682162511 -28.0486894895 133.481505137
-247.862770798 75.001593171 405.398169755
-365.085595518 -4.36144407393 133.694259577
-281.747342363 -137.382962299 115.486052722
