8.74598531457 48.5066194524 -162.006487473
-126.384514513 29.2423684241 -153.705340505
-121.006323914 -229.000479666 -471.00717425
-105.609748845 -119.85109576 -799.574698852
186.49589829 67.7708477073 -150.864774725
201.907664662 -187.226694695 -526.602578072
111.917981899 -83.1748103764 -810.385683272
-14.3791925736 114.422655464 132.416231087
-32.3718193755 102.948917314 456.318778649
-55.9291047172 -2.67441578372 556.948582347
-156.5847989 58.3330816028 737.400252675
165.742846443 132.651321868 503.417120138
395.234782359 103.179194937 313.979157426
381.810009447 -52.2845606554 238.734058659
-277.42585192 95.0503284478 365.603664751
-390.776460845 31.7385840856 55.8801759383
-232.949664764 -113.489637204 33.9998547888
