6.01197816972 50.157536494 -182.78621265
-132.366747019 28.8422042387 -214.615967654
-128.413164752 -246.148400244 -461.945906338
-113.464450253 -133.869372546 -796.997583761
182.031428757 71.4728565318 -156.86426817
195.907192075 -190.217762819 -523.111454614
105.238410316 -111.776237113 -875.892252061
-13.117271283 124.700427016 122.651745776
-32.0187730091 120.660819576 418.0160021
-36.1635647658 14.8740942602 566.180215408
-98.5157352584 82.8839642381 758.097861503
166.302244014 149.314040805 463.087721026
390.214945222 89.9835812669 328.198919853
302.715607945 -61.6143377199 272.781862929
-279.658287393 105.261992322 438.465381455
-336.158492539 19.3228461815 84.8699728164
-221.814178091 -116.5596751 67.4603977657
