-3.55756301639 52.5987400845 -142.84617804
-141.85051605 41.707909833 -127.075940127
-192.798908175 -160.113774751 -496.725632319
-128.937248256 4.40683641669 -763.846041488
160.122130616 63.4895492105 -125.022155939
159.049969961 -128.394516559 -517.44111969
78.9419537769 -59.6330547162 -976.280400398
-15.9257864679 103.152141124 138.700989816
-34.2145342178 84.6411303836 399.639444296
-26.8574916215 -14.9617136864 532.253358576
-96.1360727453 40.6714112096 714.843805531
150.219270174 112.474276856 440.778670449
361.964349331 65.8570821776 313.372336202
342.18921294 -86.7961395038 261.854948435
-214.305159252 72.8549035427 420.389616633
-308.387597411 -33.2409055061 91.8519929766
-135.856850676 -161.617805366 156.559232164
