-78.3653679029 95.0034948242 -117.724233214
-225.803877893 12.2775775561 -110.624480888
-209.459061317 -118.031948634 -506.295454299
-244.193370191 52.9487017056 -836.772037451
62.2604820239 177.729413123 -108.765705699
88.3937042554 60.1380323624 -509.654305743
47.302393578 155.690666191 -921.834885009
-66.443017003 79.3215056852 162.771131501
-38.5569112092 6.3095753052 416.332569126
37.8641260859 -77.3494660748 524.11399507
36.1480770496 -42.8607461605 735.693061655
134.572947936 112.554136642 456.995392205
337.050710653 143.073676566 269.928404602
346.72941955 -37.6133226352 200.352014758
-213.971179561 -80.325960309 388.982462071
-161.221246506 -256.737974152 115.528322649
40.7479116758 -312.864603726 186.934291687
