-233.051570259 105.144063116 -67.3113648753
-247.496234763 -14.9236803543 -26.7615930808
-90.1363918022 -204.661070459 -363.217308037
-278.496896682 -100.845139519 -856.867827295
-140.796085592 225.211937371 -72.8680331463
85.0213651682 87.2292174065 -278.832008111
34.6609509397 114.934886946 -713.511431548
-120.246124841 52.6485075476 179.054220341
51.5400639312 -37.2247865402 425.486604722
170.254139999 -79.0027417953 420.995637625
252.011048814 -75.3267049479 591.732629096
61.2016474262 102.46267024 404.989893292
67.815672673 227.430732994 160.172832558
145.40837132 95.1095672223 70.4712543645
-32.0975745981 -149.097361798 355.095462665
-36.7934537475 -228.873718187 92.2101908492
128.157517046 -179.912884786 2.98227755615
