-47.1998285198 88.5195413396 -125.740433751
-181.196044091 42.4244325254 -115.900479354
-219.271381436 -150.076431877 -488.212048755
-169.941691302 -16.2313089954 -876.442270753
62.7547033606 134.614714736 -117.065667031
140.197215247 -61.3541646202 -488.977188627
107.075323102 33.8604215289 -878.509861411
-41.2170435491 104.820568657 165.949403422
-42.6343061005 46.7537323092 460.262656425
34.8221979864 -53.0768023744 552.28131165
77.7642657945 -5.61968374632 767.988952502
181.93557451 114.767652067 441.341278057
313.141105871 104.515268821 231.188902207
297.325198809 -64.5935858817 159.136472353
-220.368056791 -1.62977136625 434.762995382
-259.124774853 -113.787859989 159.255269933
-87.6571321004 -212.177142676 78.8218591431
