-36.0856875298 71.8970866885 -124.545695518
-165.472274662 27.8918325746 -113.850552163
-202.272491564 -159.920475256 -480.80897216
-149.779146265 -35.3252002823 -879.182118459
80.6649371398 115.902373358 -114.307228823
158.835573755 -77.048581568 -488.452038355
129.07663614 12.0412929684 -881.850867183
-39.018652248 100.464619795 168.979027692
-33.2735295594 53.4945406789 475.879723636
17.9714678151 -46.8316395596 564.894961964
33.7800872675 2.88711500921 780.134417351
143.630743538 117.582364757 450.390437787
318.344439394 128.045888128 235.72639592
319.891561261 -29.073422392 89.551297255
-219.378314231 8.93920027643 441.809734975
-260.231506493 -95.8243038991 164.467479926
-153.8167157 -203.939102588 81.5400180815
