-157.122696026 34.2293659491 -57.2281862471
-234.673285662 -111.594326655 -42.5452833054
-136.141253744 -160.348125377 -421.918818315
-245.721112858 -92.2812436902 -931.313273625
-86.3193634598 180.053239662 -41.4898328068
55.3258098532 138.156753523 -340.203307519
91.6004206169 123.005311556 -800.65450469
-98.0346243097 16.4990056113 196.791224961
30.416779481 -17.5992187593 438.873903355
153.302825841 -43.0062810182 474.682228439
237.346814193 -37.2140455605 663.434263904
33.4083660005 143.23983901 409.672379019
32.4064259231 296.358874341 151.57040962
134.946097792 212.500685218 53.65599238
-41.8965588157 -165.379069172 409.631404793
4.54837966283 -296.35531136 151.270581709
124.752481084 -243.370838316 59.1355885582
