-19.6059339684 70.6178717279 -134.698486169
-151.420550443 37.506085389 -119.934224081
-189.738124398 -189.79399318 -472.721111519
-132.277810386 -76.5756502938 -864.475247531
95.9436411618 103.729671572 -120.045749462
224.304824937 -135.355970543 -479.734790397
153.605513017 -43.4772641989 -865.23024334
-24.5532108958 115.116351699 156.882323348
-31.612811959 78.2645640492 461.602424975
8.4005205935 -27.2011329541 554.376022567
31.4713850658 25.3675933239 767.325422285
152.990233954 123.580730068 436.759383145
325.754894536 95.5405490209 228.443213718
254.98919233 -58.5080536294 154.464653548
-209.938381787 52.019822265 427.130009081
-310.87729651 -24.6715591561 155.261683027
-213.194709506 -149.509329422 65.0526707696
