-2.98626923359 70.3201384094 -124.49845582
-152.145760875 71.3244677128 -104.107250942
-213.435809526 -165.443228711 -457.668294894
-150.360833905 -61.337610138 -829.301248243
135.201525118 69.3158051183 -104.51427028
197.518039736 -168.782137135 -513.395326597
191.911094009 -47.0565206405 -842.405668982
-0.364924125728 113.927092613 161.155798026
17.2724357119 77.6928410541 463.388434417
3.34209037399 -30.2059807299 554.582086802
18.4646685711 24.0604719707 762.737681346
193.081712546 86.7535600651 436.441811032
311.035904187 37.3452190995 169.923017
223.22186364 -106.371822412 87.857430017
-206.761728661 88.0160976008 437.564861451
-321.4934242 43.2895110063 173.039476516
-243.509686353 -102.847904885 88.5807485477
