24.1419203446 75.4913464032 -129.384132209
-116.461584335 115.476210644 -91.2942614538
-211.294544374 -128.836388137 -445.455290267
-195.617169094 -39.5283242817 -785.904716377
178.020107821 35.5065195111 -145.3319415
172.13124355 -188.308868986 -521.365589037
163.653721051 -57.9420612049 -859.763639993
37.2792244944 111.358723136 160.401279957
60.6266712199 68.0461730677 442.452151709
3.90625194583 -36.3057692514 559.62830785
3.78545109535 16.6524780646 757.961206579
242.125420421 33.1030909474 464.056295895
292.554548405 -46.3887649287 124.786903439
179.827516101 -171.157859208 29.8036311657
-171.659509875 123.459459196 469.660147223
-297.516421075 120.988601964 206.534435724
-300.175450934 -39.7335636562 122.234998031
