16.4614507982 59.4215249144 -145.885823249
-133.798752122 88.2379320748 -137.306721074
-158.120639172 -161.895040968 -442.636597953
-198.861190375 -71.9650701239 -780.793493193
164.527638273 30.6051616594 -147.95701517
159.799987498 -195.415408275 -514.37318068
145.115198722 -101.233096411 -916.442643272
30.3440290331 113.607975364 150.854864748
48.6350887944 88.9670019244 457.788377889
11.2343810817 -15.2587863768 571.329260873
-6.83370952938 45.6070349328 777.705099244
232.404378323 63.6107711052 427.869412964
339.455685169 -10.4651604912 142.786037433
170.240839232 -141.592022482 50.0911372438
-135.932219964 131.689314647 485.381088728
-317.489107692 116.530449514 226.582072671
-309.143197177 -45.8895071501 145.307090906
