17.7671399458 54.1315100571 -143.241331507
-137.121141223 97.9987085762 -142.060550742
-169.890304617 -116.761831185 -464.088684804
-213.270154542 -28.3895522056 -811.726475183
167.301738544 10.2643694839 -146.821677592
151.013127772 -168.988216754 -549.133546405
142.762467731 -59.2624966467 -951.565182382
42.9441774652 102.732078786 158.351957658
53.171657547 74.8535281731 468.341506849
24.8239574141 -25.934608186 585.90893969
50.061947775 33.9317050034 795.912813354
243.170936348 29.5447092033 435.384203861
270.89924814 -72.1791398031 140.340925613
82.9647138721 -172.486646633 47.6669238409
-132.081519465 131.918506152 499.72768324
-261.313210497 125.899674122 293.492374532
-247.669507416 -30.4715987862 148.835738429
