95.8574259209 163.525413604 -216.445044593
-23.9720836525 223.387986109 -215.256333704
-135.898912244 -182.355923327 -392.466892834
-81.706621409 -49.5427195843 -669.492193526
188.448415341 103.662949903 -220.54582915
74.9237470452 -309.125527481 -533.48626353
153.997952997 -114.83411258 -825.173028535
86.1771846739 155.518993948 91.5574734204
57.1044751865 81.7043628066 392.51899086
-15.182550566 -17.1640868336 490.439135995
-52.7675700045 35.0664521044 676.742999056
212.934079002 22.0111349154 368.290955821
234.956742931 -159.420724125 184.405065135
5.20933094648 -235.861777052 271.306646609
-94.0896778942 162.470270932 365.806249598
-217.635905117 145.083278204 189.018785474
-321.503973208 -59.4701402015 264.977293895
