20.1625177876 16.7572414103 -142.580050748
-88.7713825181 146.627160862 -160.375882148
-132.22477897 72.7933139531 -505.900848945
-82.7249954449 124.646996294 -847.129527469
109.00704914 -113.112391672 -171.447730534
91.8222807099 -166.246187449 -592.417147329
185.07532492 -58.5511307253 -1005.3445411
31.2347911501 28.0067254322 164.47917558
-11.9180817056 -5.46263194432 507.123198484
-118.468476171 -62.3169811271 554.308816783
-221.527223262 -43.5024053229 772.693227216
106.676974462 -121.374809576 430.612596563
364.280087716 -225.823512521 221.122687426
202.317825442 -320.996735956 114.486785259
-94.4400059609 150.607544135 431.13115779
-129.212156758 345.614741107 288.82911806
-298.360917737 255.757194662 290.653008054
