20.6871544485 53.4190360863 -108.924998109
-111.955603635 54.3590245983 -81.3502373294
-115.794508682 -152.714716506 -459.394630266
-98.1448500112 -37.3886262508 -780.220631851
186.572219575 52.4790438162 -78.3975926041
183.029241599 -148.542570578 -518.606613198
114.273301031 -43.5539778035 -862.922230268
5.8075105269 91.58299502 161.72836031
-10.7392752794 59.4425680017 437.422272402
-46.9423194638 -41.9659151696 532.719072446
-139.223858425 6.52481599621 701.513398658
177.849176148 68.6734060322 481.230304807
380.424521795 45.3299967752 288.551496554
300.853891902 -82.302619303 139.671696573
-199.890407684 80.3276770292 404.257117979
-367.165131611 70.0714859524 64.068090639
-300.088716715 -75.74162369 34.560916865
