-11.206859361 36.4392396583 -172.813635142
-179.635853784 31.1655291912 -165.847639089
-186.622375536 -200.398647726 -547.189384516
-180.150890241 -52.9979110794 -821.353722652
140.813335549 41.7129517457 -168.79886528
134.160568192 -172.91805308 -560.956291094
39.4454499302 -75.0741435511 -906.05427574
-9.35432036303 105.82506728 136.497439641
1.07830315727 104.313559392 462.402174547
-4.4902070469 -0.292400256249 583.77367585
-52.9456253441 67.3892018872 801.240652469
196.41609047 128.171656577 447.537583653
417.971849683 84.7182111257 306.355460646
406.76462175 -74.5711866099 235.668211242
-246.090547244 96.4093933428 432.854487331
-298.308488986 5.17003921422 141.327529486
-192.896437585 -125.849000168 128.124871016
