8.32337644384 48.8539166653 -174.487548679
-153.985857414 65.8059107834 -166.844426656
-171.478960892 -197.513303974 -477.851585958
-155.211734869 -106.021630005 -807.045136909
149.694750191 31.9019401797 -169.082071635
140.968546446 -215.093396606 -541.049700025
56.7879088036 -122.042545107 -883.403222142
20.6986485009 123.94720469 122.494668575
22.5772066318 127.718529528 435.558753143
-2.37580353671 22.8240105781 554.731156024
-32.7055517435 92.801911001 763.374725963
213.116226917 114.112519131 421.648497816
411.764465473 -7.54606298189 285.673517507
165.739439512 -133.300613275 304.90242428
-217.054625074 147.446784888 404.986731554
-269.572890364 78.2333994337 119.787894953
-160.638923627 -73.798352179 112.191333041
