-38.3695175015 78.0872995785 -136.773342198
-191.274019405 30.6308113119 -102.654960014
-180.665802058 -158.261689293 -487.608701903
-254.480947402 14.7417675445 -820.768066232
112.963444505 125.543780987 -159.983595771
134.017490181 -41.4871606676 -552.352083566
30.2148563932 88.9235386067 -889.731360666
-30.5409736079 92.7646215138 156.430990768
-0.647464084433 40.8691901697 438.508574669
28.767395416 -56.5751355096 552.523525161
8.36315441206 -8.03539862108 760.820262638
182.560637319 112.345531853 468.123873509
387.589660735 113.454478239 281.339760677
392.040910134 -59.6061227161 202.56862431
-237.377649379 -7.17657730934 411.438783378
-278.867993861 -131.469191121 126.793899704
-104.436277475 -240.944391685 99.120215253
