-212.931904647 118.754525631 -150.997002016
-256.45025739 20.243181648 -148.612783606
-117.636039784 -220.855396937 -508.497149274
-314.964094059 -84.7283502531 -954.060087536
-91.0211646071 217.26609735 -150.282271745
68.5644868404 25.7364765421 -427.629428076
6.21856656739 109.938878095 -807.540445391
-131.965246331 71.5310622985 137.556960623
13.331936556 -3.95804288553 396.216355509
102.781138989 -56.5178908602 453.005341212
160.19707616 -40.7060924588 619.240015873
28.4030111052 114.044009117 371.835735368
74.397866803 204.486806439 248.699118934
271.068498575 8.55546763384 276.862807174
-116.834146322 -102.51168113 375.160324344
9.19281986046 -267.557151981 253.504476751
265.531439859 -198.824590903 282.724782728
