-36.0023159448 83.7512612806 -127.693313399
-201.324230306 43.9251132478 -115.136743345
-190.358878606 -166.9430538 -489.193093618
-197.80546204 -10.3335812765 -828.954567118
96.6741084342 123.577431174 -118.221394892
164.691177399 -80.7387153681 -502.484934119
81.56743539 22.7180917499 -891.92158035
-29.4513877421 105.827195192 164.824759789
-12.5781440005 53.1103099237 466.953767972
33.2824292549 -48.1376169945 558.806732846
48.9012871927 3.58533888306 779.363517141
165.366612056 112.216224447 440.517730104
340.115813768 92.6849479973 227.106649174
272.830215993 -69.8528092411 152.275960574
-199.943470055 12.7923480822 433.771449521
-239.941009019 -88.9302686829 152.211200401
-128.195456195 -193.250516109 60.0107917951
