-11.862258672 30.4978504152 -137.758485718
-176.792397611 31.3602291479 -123.462591707
-177.668309251 -159.071265093 -510.64543251
-170.686371918 -30.4172050959 -846.153626406
120.849791512 29.6354737417 -126.619858891
122.054830607 -155.508756985 -576.312936688
108.562409037 -41.4179443902 -922.38830331
-2.16169671168 92.8655703944 161.066138924
2.82764131602 83.4603254389 485.998304974
12.1941209921 -18.2508399616 591.014074996
13.477819734 47.1177689845 809.411205094
194.482320625 96.6154806994 459.346345476
316.694040454 51.1040425264 241.857157578
301.65648606 -93.8058991172 174.272465751
-181.172765211 85.8506087414 458.763228976
-283.854657777 41.3717763527 165.536571477
-190.430837576 -91.4072157954 69.4869885364
