-12.7055215502 49.5816665569 -140.993963798
-171.017792411 41.2517058226 -128.418008843
-175.483033052 -178.839585547 -501.818577286
-160.04197523 -53.2586270397 -838.661793015
126.587691786 57.9116329376 -129.425048334
132.241637751 -162.735227801 -507.166532606
115.965559404 -77.497185072 -909.585860033
-10.3834496832 106.548866956 156.322783597
5.30576476716 87.8753962457 474.88392394
8.60846410619 -15.6992264152 579.922105651
16.3031571902 48.9612081673 794.039545415
188.863669999 111.073287857 448.574986559
320.252483926 73.2024307529 232.259392
306.158557645 -76.4995203497 155.271196453
-229.389407433 80.5461651859 447.180916432
-286.524477757 19.1443292928 156.431159767
-189.221836581 -112.021935941 73.0029640805
