-2.33013197035 58.3388153162 -130.78611615
-170.969463292 56.2834291497 -116.43325296
-172.712685044 -176.155343056 -483.332478529
-163.173611114 -60.2247116225 -815.643012022
132.041178275 60.3942001145 -117.027133383
196.71953149 -174.577864451 -488.613580059
181.449997853 -75.6769878863 -876.361120469
-0.0177889645874 111.439395187 161.374466174
4.48487760965 84.1471568046 470.363179217
5.18523818695 -22.150052854 572.750517454
12.6826138836 38.1554242672 792.146648449
193.346330333 93.2445008003 449.667790931
304.536777511 49.0561441075 169.571332
215.009793816 -94.7857081208 72.020163755
-177.816623514 92.1864562158 451.126399634
-292.12292109 53.8224026919 172.859641733
-263.475796718 -93.4972566636 83.0519442592
