-1.86927287491 57.8517092844 -130.617425103
-169.704555917 55.9751906907 -116.509547096
-171.348162049 -176.106754684 -483.694065208
-161.680037582 -60.8477727695 -816.080307228
133.174620638 59.7282267014 -116.909159004
189.731205232 -173.609647036 -489.01125213
182.371478132 -74.508248197 -877.030778491
0.376631218644 111.061367404 161.366155024
5.74822853552 84.2583367409 470.59122324
5.87117640143 -21.7188999186 573.220074396
14.146682642 39.0566089071 792.558577665
194.565740164 93.115242073 449.840647381
305.219275028 48.4135754917 169.559638159
206.616218611 -94.4615080709 72.1119837684
-176.556486198 92.1855148607 451.35923496
-290.68387855 53.3576143448 173.037442013
-261.600328689 -93.7505558219 83.3258504729
