-9.55683811466 42.2749526943 -125.946141972
-134.389946951 22.625040135 -112.198673499
-133.893361647 -165.938849052 -496.722940224
-190.887143789 -31.8227904699 -828.069320041
107.995899276 61.924845512 -115.72192818
177.12970463 -124.251462134 -562.587944586
155.671613334 -11.4847236636 -905.549984837
-7.83362860631 91.9094758925 167.302011627
-4.01861380766 71.3991237395 480.117896205
27.0280905614 -30.7762217173 581.260537406
51.8126280525 29.5733829467 798.82728276
227.304146507 99.6387243656 448.899322338
280.352079194 83.0076744833 160.618944671
180.588061029 -56.633696917 0.909868265198
-188.053562512 58.8218225963 465.266589755
-307.844197601 -9.15360358182 252.353092418
-221.767305717 -130.509751063 169.694498068
