3.72445009683 30.3138065928 -142.329627137
-145.899220976 56.9899661575 -137.382763503
-168.831982628 -138.12417458 -520.167943689
-216.093765417 -13.1709242435 -799.457541756
152.067132334 3.63767862813 -142.001484096
141.368282336 -159.596813703 -603.999816523
138.233113781 -35.0912603993 -940.730797365
25.402711939 92.0895318846 160.950191415
45.0619947327 80.9237900235 483.6863298
26.6539547566 -19.9252795411 601.361965273
44.9673773152 45.8265172706 813.605222412
236.045882513 57.1990111382 451.539908746
272.333516918 -17.7129650105 156.113153169
157.306761948 -142.391364249 65.5016167469
-140.969219202 116.53821452 521.575325909
-264.624598369 93.7018860137 246.703949739
-250.965275306 -56.4329568244 161.884436664
