22.1566388019 38.0994785259 -147.226424425
-88.1692559117 106.637737899 -141.6169379
-169.750812157 -50.9064542477 -544.264193966
-150.868246553 64.6104560337 -829.747010845
158.66078656 -30.438682878 -153.114014792
128.610683117 -156.585294157 -630.082105072
138.50095431 -21.3790054199 -974.069554058
47.0724783168 77.9273748763 163.065653165
52.4558410289 49.4180940512 482.68431309
6.64958639271 -42.9037569097 600.493117363
37.6602220636 10.7532124758 818.266441385
235.261172176 -15.0670802943 450.793313752
267.591953553 -117.810259756 153.456994051
146.692000376 -222.289084061 55.7957427576
-131.091837019 133.512869334 516.143721245
-278.30331053 155.487822774 314.481624704
-347.250151043 4.85923050281 239.572706394
