36.0882394202 60.6271975833 -128.391457476
-76.2179096742 140.500421289 -92.4328524352
-162.846371604 -22.4799303839 -484.797029504
-144.083907158 72.8288937724 -827.202040395
166.098742605 -19.2458850874 -151.211605667
133.516749643 -157.51197598 -572.102096469
143.498552846 -36.2709663096 -979.233664349
52.8010439549 79.7997266895 170.194502355
52.6267584993 29.0990558593 462.254173178
-14.3451917755 -60.467559945 573.928746615
-21.1001799471 -16.6165422772 791.204581726
233.956482777 -42.9957464814 431.2254412
270.242139364 -135.111147352 134.086211026
149.767943206 -233.497200461 21.0043845363
-134.648213181 127.624945648 495.810694246
-270.821746492 172.053999692 302.585749372
-339.989040915 23.862172071 227.344605889
