47.9569006544 73.6682848219 -145.902116362
-61.1964069863 154.330333038 -143.543430482
-158.245061875 -21.1221348084 -461.843658198
-125.223515687 72.8849365183 -803.614901786
181.041046103 -6.99360583604 -155.910454586
146.541035174 -162.46958347 -615.50343404
159.721683473 -20.6534338171 -959.056763229
62.1919035497 89.7952487857 160.64701292
57.3602018553 36.4414453262 465.348801211
-10.9184511744 -55.4253035016 576.087169606
-8.09442182965 -9.72262200316 792.673027167
237.45132682 -40.7085845262 434.323683721
266.05610417 -162.714681657 141.181564964
76.0107206868 -247.400218573 36.0673231836
-121.984428623 134.925825139 497.574502897
-317.723292346 155.579537523 301.084000414
-331.714990976 -14.11087132 239.520889286
