-95.7133620273 24.4068289555 -97.2375225579
-165.57110859 -121.263419478 -90.3006048718
-84.7269054468 -165.613612593 -483.604694127
-249.700940991 -77.8578072319 -978.419706661
-19.0366198426 170.077237975 -91.5552146291
175.178233944 116.761484706 -454.129527534
84.310284847 124.340972999 -794.960575507
-78.1185595242 19.511672955 176.553826982
2.54151940193 -9.07806873076 454.968348331
122.306307083 -40.2721336946 505.45827951
201.688286876 -29.829218834 690.646234978
16.4995238475 152.690133462 425.169851625
10.3857603917 322.042651787 174.83110767
112.017380675 228.508052459 150.291668995
-79.7988393431 -154.565353184 425.47343136
-93.6157042061 -305.80286222 176.625114601
89.8291284702 -267.879579984 165.641199522
