-191.791753504 174.142922214 -43.8584213754
-265.503414341 73.2388020458 -17.2583243059
-129.657538899 -219.361244739 -350.726050505
-235.997364724 -94.6551124502 -831.796020829
-84.0920610052 275.047186144 -14.3351879141
131.526059553 36.2284414034 -265.622839395
152.863369588 97.2220061419 -634.189781665
-105.86966164 92.0941388 181.909260918
26.038272179 -41.0661025686 415.340053763
126.552638063 -116.738501865 400.475015673
211.110017515 -109.34443072 577.747372592
100.686474588 85.9898470018 349.00926464
128.873184061 192.133191296 140.342602235
184.750637175 46.9616557421 -7.39792303814
-78.1282537184 -128.734426113 347.486557148
-158.906147057 -203.227569661 90.1393378872
16.4367651879 -218.071398979 -9.92567050186
