-194.250824281 171.971718714 -38.2881253538
-264.42608281 76.1427322124 -10.3260865135
-134.637198259 -205.397289968 -346.354557523
-304.733241503 -61.2902385257 -822.31099455
-80.5088629741 267.800872911 -10.4003379728
124.257867345 42.8556435269 -260.934658592
82.086487663 120.666693448 -623.82664408
-100.157768307 87.4442420789 185.755980795
29.0401740687 -48.4044304455 417.741808419
135.783815346 -118.708194776 400.975405007
212.81156363 -112.186894684 578.202330757
101.079701941 73.9416196885 351.379723283
121.051063567 168.113135339 143.353393562
184.642601937 26.0133620163 -2.97249066081
-70.5088917163 -134.979619249 350.496067377
-85.5944250221 -201.83668497 89.2587208983
85.4392422257 -206.045358768 -68.3820628156
