-206.826009901 175.269220275 -159.160567764
-301.23533077 88.0866587735 -153.163015542
-179.419106924 -204.372323004 -501.330653409
-307.135453848 -19.2098640029 -940.175415483
-75.4682201019 262.451958294 -158.510905503
78.9333627537 23.9205949023 -422.159344672
16.0396777373 153.102350866 -797.437922309
-129.675068306 103.762823085 124.37337976
-27.3761216893 -4.76570137085 373.404145579
72.6916159452 -73.3679268074 429.367100954
103.400820047 -50.6624636612 592.391190389
47.3822015969 101.666968808 351.104018835
233.538511087 110.321844288 257.944462078
286.328841027 -96.8838431771 344.478105951
-116.147118085 -93.1860722999 304.519807695
20.297292231 -314.904829528 248.299806492
220.860645094 -250.868515986 345.898499134
