-177.482445045 7.7984096861 -72.8657148617
-253.621897908 -135.681008719 -59.5918799523
-239.342378371 -175.846114619 -451.68317523
-376.956798986 -101.280409996 -902.625795607
-107.735392653 151.277824481 -69.9110272867
80.5868321634 151.036026094 -371.923087079
-4.20563772046 147.546157341 -766.946426411
-107.145395126 2.06351466984 179.57175351
16.7814175233 -0.500348553072 415.468850772
142.508462433 -26.5999490471 458.839583576
216.926919676 -14.226333908 641.92135824
14.8047816796 150.651999389 384.676784561
9.91518154781 284.498255044 120.083432303
110.338734222 196.679633505 -55.9461436159
-53.5137298945 -150.966905368 396.471911784
165.607120565 -301.035404643 210.126432791
420.414848257 -194.286507177 288.096167782
