-136.192430707 1.18180664028 -96.6491062776
-181.14713702 -146.506729164 -98.7778813321
-168.14177059 -169.840970084 -496.29052202
-370.733712182 -105.95501213 -953.828399294
-95.308408697 148.870277604 -99.8307030539
97.8990478801 162.991593074 -412.345077743
0.00720344545541 153.51900509 -817.17561403
-83.5753813542 -3.79775091365 169.868770209
20.1277674612 1.4382994629 453.95041718
144.094581395 -18.0711652976 472.995577459
222.605650467 -8.36757619892 642.80135091
13.6331094362 154.161655917 380.266532701
1.55397486595 306.940556733 168.687168929
41.768211217 242.336461988 3.00163887174
-49.8093888509 -153.426548064 384.453045057
109.853566292 -329.43287269 268.324799109
357.691886328 -236.041031973 362.561189269
