-110.521300574 32.8569028989 -110.401006799
-163.388519756 -104.493585686 -109.044199883
-137.615569094 -154.571647807 -496.194690646
-323.483572469 -47.4784940561 -949.186281205
-45.8670864575 170.207374575 -110.331387048
138.547869071 120.322720747 -415.993004734
26.805347754 144.977646676 -814.817186258
-93.8174478697 26.9961217744 163.903141412
-32.8958038076 11.7683721774 449.39595775
85.5101294896 -35.3084778691 506.922402894
106.575735861 -14.4782989038 692.382873485
42.7174593435 159.961228417 372.243545552
122.839924319 276.102008258 152.067597598
225.172919608 142.613785972 -11.1027843019
-119.453192755 -132.636982539 430.089910719
-43.6898107139 -336.811882061 256.902362209
203.73429917 -295.844782124 333.812958328
