-105.847739094 40.9573001609 -113.265007724
-191.694657011 -90.0319580288 -113.556500452
-175.945190898 -144.361795124 -514.386294299
-366.545881744 -20.2503256929 -961.786275762
-15.6993732214 171.946745608 -115.073560321
164.050194104 97.2758134458 -433.83012096
64.1767634772 135.477652158 -834.965432513
-82.5946202447 32.3405772907 160.642940211
-3.03147960979 0.333286820645 438.635226238
104.60804409 -43.4164493319 495.215508451
141.315121138 -25.3468050162 688.204474565
66.172049477 150.137295806 363.382742462
107.870553727 279.626935366 162.81888092
262.752383535 136.708546615 224.432806177
-101.337971548 -135.185523997 418.955530627
-105.451683277 -317.819609828 228.275605547
153.3691719 -297.116795071 236.111176228
