-187.795341878 178.969714005 -161.366171916
-251.682981505 100.072176976 -159.694847277
-184.248267095 -199.938095486 -511.90824631
-312.020592018 0.965565396135 -951.220274671
-70.4450252705 257.867431125 -158.901597941
75.7732205704 8.48965695964 -432.728248525
12.667914463 158.0930988 -807.616035307
-118.797011923 108.035050969 125.905946076
-30.2615313757 -0.824970248953 377.916838138
68.564579039 -72.7415995198 439.768744502
98.8423214198 -46.7518747544 598.042037437
52.6996460956 97.1241284041 348.046012483
236.073152629 88.6309468197 251.776921099
280.36043817 -113.179991072 337.594606602
-126.424760632 -82.2780368718 349.437485637
12.6739760603 -303.862398398 252.385812154
205.992488623 -256.233433834 348.317176221
