-176.082869446 170.93651619 -93.684061342
-249.762685579 80.597195494 -73.9008303484
-136.453723115 -229.010346561 -395.956737296
-296.201472059 -42.8645419655 -804.257894978
-69.3479212162 261.275955296 -75.2213298951
180.600164226 4.45075174719 -319.034239716
72.4342927749 109.74775288 -669.296980117
-104.505293146 102.006175534 155.681208144
16.9449856918 -21.0417011219 374.509676632
102.576481857 -98.8143155003 421.999663132
147.113949196 -82.5135102489 627.38492302
97.8676541248 93.9590108926 345.139660994
126.280233868 162.004554984 153.283573236
188.101364888 -31.1144178711 99.0748062924
-82.3846212192 -103.540045966 352.061495423
-140.950891779 -212.971897291 106.537531811
145.758670299 -221.11320457 89.8736743811
