-175.281858125 171.565470514 -74.9422576903
-248.022874786 79.4268382733 -52.8494389591
-133.443349587 -228.844828096 -379.164687011
-293.56512399 -49.6236073987 -792.002612026
-65.6976373647 263.704212973 -54.327555954
187.836808714 11.8178230228 -301.980358451
80.4943628453 112.687257041 -655.38261235
-100.673096734 98.2977283336 166.349514014
24.6180671158 -27.1304097848 392.201766774
112.005282563 -105.689698145 417.961917917
157.276855032 -91.2182870659 601.466524334
106.382795851 89.7576791639 362.293084251
127.685935586 167.554610686 116.455745953
186.449691542 -7.77317774793 41.1595806672
-76.9751093432 -110.234290895 364.515337306
-144.123665024 -206.818913186 113.918441641
91.083243501 -220.902296182 43.9441664753
