-178.69306077 200.294055147 -50.3301269451
-255.632804973 110.273800898 -21.8184875879
-138.182054023 -194.677991044 -348.245226654
-293.664494902 -0.185129537079 -764.511147583
-66.2573535819 290.314417884 -22.2687575069
134.99774248 34.7995126748 -270.521144547
22.3400300648 164.635596139 -624.543081965
-87.8940822712 98.7367226028 176.614912381
30.3368615743 -56.2771263499 404.309247202
125.657095929 -140.314775333 394.352809128
215.757569836 -132.323619908 566.111904164
123.372652063 62.4009568047 337.86244715
204.730893336 147.170942896 132.636233203
268.629187589 -15.5558128118 -9.87748950342
-115.997721056 -130.848503744 337.7291835
-150.537963493 -218.786771324 84.2809760111
20.1074551633 -263.088090511 -5.31626159257
