-151.720133095 34.6254052531 -75.2653802493
-234.905595037 -102.518871834 -70.066746457
-211.326423373 -151.883046473 -464.610762079
-327.589015189 -63.3761436041 -927.110715895
-70.5136626062 171.769714922 -70.6559067245
63.0965791648 136.930726037 -381.142088538
35.4219778082 148.415147093 -789.054793844
-97.7564554644 17.8271677895 185.451186238
35.428739682 -11.247030837 429.596779133
132.781420077 -52.3094915542 480.542215578
194.977585754 -40.1815045017 670.262611152
51.8354019005 141.612142758 399.274636219
50.2618072853 285.424912597 186.701835809
160.690901709 175.162855489 -52.3468014883
-98.6194943169 -154.49783384 408.583573219
45.3854216378 -314.411177135 212.781446779
305.855775658 -247.814933108 216.128885042
