-161.776647037 16.9003659681 -78.2310964041
-239.650425982 -125.809170166 -74.1198523141
-217.980695117 -164.187426883 -468.964639427
-338.059644765 -90.6301278 -921.45543459
-90.6198392755 159.609888346 -82.8295531821
42.3863895726 145.793823432 -388.113965013
14.9945016375 145.571581505 -787.95370187
-103.333572908 7.54082102975 183.221168077
23.1887858165 -3.55030679353 459.728484449
134.517531016 -34.026661347 481.884299779
178.679394466 -22.1559641089 646.236629918
25.767393787 149.783275753 386.171051565
34.652548664 284.939342089 165.499653363
141.253369041 192.504718393 -68.2473841212
-50.537126942 -153.389586683 439.306545162
107.05418218 -305.400102214 198.320369933
368.871167007 -219.481871692 266.274983794
