-198.192962286 146.68251025 -124.387714324
-253.751364692 66.0569041731 -114.76450432
-133.589203405 -206.035129976 -467.721991984
-308.011703425 -71.2587179479 -902.994756313
-79.202492427 227.308224654 -121.383930247
64.6728507042 -12.0333148782 -393.973473408
6.78319321617 74.4558822863 -761.085942306
-118.114209986 91.0885542761 151.568773666
22.4816078291 8.30955358525 412.282940785
111.171314318 -62.5316855014 455.151392379
161.888201448 -33.8160637922 630.313448631
96.9859719579 107.767765391 376.295248443
68.8262701461 140.973526566 126.40746349
117.17604711 -42.4062988727 -15.2363624748
-109.15792225 -81.1612168679 395.374919653
77.0829559535 -253.771887907 281.660430412
267.81558796 -171.270855107 365.676528572
