-103.545484969 31.5803562509 -111.333503127
-182.166415801 -103.087348395 -123.161879898
-161.982723554 -147.951476972 -519.351344777
-349.106961077 -40.7898341902 -973.417784293
-13.7164885499 166.248043611 -123.87847691
99.9866599926 125.875912363 -438.399721426
2.93073725039 154.462811874 -839.260766554
-76.4059918471 19.9667749193 169.752566104
6.17804036418 0.788610409558 446.4204983
112.868697287 -49.1394804239 510.077669662
156.213417091 -29.7883874078 688.731510393
85.6705961327 150.7045836 414.207364606
94.2199049481 291.071925344 211.239615879
129.301839949 166.857311311 -20.6929063785
-129.247897763 -142.186063358 419.817002627
9.43142641299 -338.219513354 303.47858545
252.287864648 -274.390842449 331.328407829
