-78.9287314323 23.5826914396 -118.193937837
-156.41430953 -116.018584778 -120.555119426
-147.998257822 -149.690688598 -539.969649063
-330.179162126 -47.085644123 -1002.06005546
11.3958169439 163.184106963 -128.904607039
127.709620134 120.193802159 -514.631862998
27.9445083738 153.533021291 -867.684876506
-65.5075850713 19.1510217442 168.269405464
21.1075296917 -8.54084484591 457.400618244
113.323479951 -44.6297278221 521.660221422
168.796682954 -32.0142398783 707.103916727
40.8602074893 149.888685377 427.696325591
63.5041730498 321.075951886 232.075000754
232.732196325 219.294253251 228.877765751
-118.171878085 -150.746930626 427.997358993
-70.3274908001 -327.069847139 233.182242076
129.040363421 -303.485225117 235.262868219
