-92.1382941872 46.9938431796 -140.307651029
-191.033954878 -80.9847741602 -147.418190841
-168.482463174 -134.667273742 -600.614045596
-281.973999929 -25.8068126215 -1058.22527668
-9.26263084742 174.972604811 -146.671986057
103.723975515 107.252043174 -522.048638019
60.9584196968 157.211944216 -925.507786948
-78.0274206173 38.8247008123 152.736704366
-12.207273541 3.70781900351 425.686882941
83.5995383918 -52.5022202392 514.584042264
132.641250245 -29.6446696306 716.195384907
78.2009786979 152.174671395 396.702464621
193.76733461 279.606231686 286.605427258
276.579525101 126.671304176 301.267458963
-156.572293622 -127.844730772 405.39024748
-110.270243246 -343.614019563 286.031197728
83.9313754186 -322.778275558 375.935058043
