-77.0006156216 52.7544232924 -79.7752832058
-160.130490509 -66.7443497141 -71.0644831933
-124.874721689 -142.655119039 -449.631391371
-218.836993422 -35.2957105894 -880.013452999
23.2041892441 172.253296807 -69.9756030263
134.08322812 67.5509168933 -425.448283579
109.443240682 111.735252856 -756.089821759
-70.2650538824 46.2323227831 189.518052734
16.0810763516 -9.93922492289 469.199145689
90.0794308312 -71.3650210645 531.845534304
102.221145005 -50.9482916641 752.572067877
100.22360215 130.776094724 438.472689321
120.594706836 249.307201813 175.56568548
145.935128894 104.884107872 14.9898810551
-127.180646288 -126.638785129 435.914340392
-206.259856625 -221.198815718 110.194359019
85.4963912812 -230.919240066 3.71161068932
