-101.128164353 73.9526569977 -122.728687136
-203.459368158 -42.5495585576 -127.466095528
-183.00694575 -134.458428816 -516.80465129
-280.498339718 -8.65455851909 -960.596399959
-8.91587144225 190.455059262 -126.491354148
95.1810657375 92.8774784396 -493.225815798
53.8045894315 166.419569979 -832.709877417
-81.5518717307 60.2202647055 163.394891247
-18.8472372873 -5.99353652322 477.271542298
73.4546567704 -69.5009615127 520.496285648
109.46569862 -48.352958224 718.036001273
74.1190567851 133.564847546 408.717670037
258.964104588 224.634833576 277.582098357
415.522569464 56.7190499045 292.978409243
-175.382246018 -120.155064183 403.25625478
-193.762260185 -277.583284472 141.111010239
56.8151839845 -328.708817161 118.27748644
