-98.6292572218 43.422416901 -118.423700405
-185.450179305 -87.2762889747 -119.216678395
-166.482151078 -144.734232627 -517.775199412
-272.407231947 -39.2660452341 -968.079022593
-7.14885898855 174.12126103 -119.234473299
107.810234458 99.3350856455 -493.203284991
72.7577622818 137.195150787 -838.646608771
-87.6112038572 37.8956160117 164.908782434
-13.8907598388 -4.43941680575 444.794155986
84.1073238894 -54.4392772498 521.905181417
126.176303667 -36.380051987 738.387677433
65.7036882239 147.477657616 415.351909483
104.467460928 280.579588736 216.766280222
264.023229228 130.524655652 219.221860004
-154.872336076 -137.668888599 420.477257944
-104.04311453 -297.700597438 158.495462643
163.355953034 -283.641683055 219.762521218
