-106.429596804 85.6298737587 -123.553215183
-213.098400072 -23.6888739776 -124.799567116
-182.818929358 -119.736635906 -516.605590035
-279.818104493 9.30676387553 -962.497744145
-14.9742063983 194.94871499 -123.683955024
97.7783666441 91.060881775 -491.628860347
58.3485897903 171.084300613 -834.04289173
-87.3451973431 68.2429233372 157.505350222
-27.8208168804 1.65163532469 431.975886602
51.7918467899 -67.5913036114 513.177935248
54.0412682045 -38.8662491326 722.34080476
76.6687512405 129.532909078 404.788880254
323.805571936 173.324461955 281.974218248
270.052939534 -20.4961111668 234.938322517
-177.562577442 -110.988778016 398.923380559
-122.19697646 -301.721819901 151.128917491
137.594523823 -289.936712584 212.627386088
