-107.882141154 71.8154575027 -125.61152492
-211.964816437 -47.0294069089 -126.815281735
-183.405396081 -128.333180679 -525.101295184
-285.278083765 -7.2054677794 -978.63210969
-18.6386482794 190.660490917 -125.804174328
98.2752180764 94.5635759684 -499.818398339
59.5372978028 161.775304988 -847.241092416
-92.0239044659 59.3803772705 160.196354371
-29.6264475802 -2.92676904297 440.10011529
56.6321966056 -62.9225688908 523.438221351
55.8760490162 -39.2791376652 735.393793354
70.6051769526 137.106692445 413.212796755
254.587852461 213.479285767 290.364444316
350.581903208 34.0323865331 309.069451525
-177.311422073 -124.514149916 405.912386126
-123.148449951 -298.228253901 147.649393315
139.909766722 -302.412022225 142.877402071
