-119.335251843 27.2967154277 -101.551847387
-173.801700664 -118.217609666 -93.8328961679
-138.305873141 -162.009929812 -490.377026837
-247.774134457 -81.086815687 -942.812402928
-66.4727694028 172.811176878 -94.8056487099
118.184308763 125.489308154 -465.207253133
98.4479965478 128.163156445 -813.13197912
-98.859372824 22.1403762807 172.347614368
6.98977144088 -5.4446139308 462.82565324
104.878503739 -35.4947598186 505.038724322
161.169048721 -25.4574620549 705.056500074
23.174775516 155.72988744 382.536455187
33.2808059092 308.808789863 176.625726908
202.957061905 196.500484202 168.617659364
-125.37154858 -154.004159107 433.202157091
-73.9071655511 -313.960610654 170.946093241
181.429423066 -271.663786046 174.539514222
