-192.755551008 129.644246929 -57.7150612777
-272.363913302 24.1042301622 -28.2538567405
-84.2225369074 -240.931887243 -365.562127119
-253.206845897 -104.722930749 -793.557638059
-53.3411973786 235.184436174 -29.4107380654
169.219759169 24.258364572 -284.008274727
67.1101091005 82.0694191648 -650.131929881
-112.491244437 75.8295537322 169.997195831
5.84439684188 -22.9512143718 412.514581843
121.666825127 -80.9311616877 406.999018904
200.432919901 -71.558228488 579.299668312
72.3314603865 107.460735379 343.916479633
39.2904454927 226.10099281 134.752913268
163.819298681 66.3248626928 58.5999835621
-90.1237578092 -121.940389349 343.529478807
-101.655460705 -202.879171653 79.9582538436
136.865322547 -189.94332562 -5.28646269917
