-205.489667084 142.566324454 -40.1178260012
-276.421070959 31.9907779776 -9.51134596635
-83.7685949941 -223.749194398 -352.928493102
-252.5526135 -87.5526979274 -783.074965555
-103.176389255 253.141990566 -9.38908194297
171.564781278 53.1840288641 -268.741755184
72.0126148825 108.677384997 -638.938056413
-107.16487146 73.7598632478 183.463846468
65.5194572699 -42.6586852116 381.095082076
147.589394446 -103.055296107 398.862992571
217.341381774 -97.2324058214 587.317895898
93.3626959355 92.4318831941 354.140881601
98.4636102672 206.866961839 150.870309799
108.840632126 69.8674117886 7.75487037014
-74.8058012987 -142.579181159 352.101363364
-102.956201709 -210.096963726 85.2858986396
66.5754982905 -183.900096057 -68.6135890908
