-96.0806125392 29.7963826293 -106.747643516
-147.507122183 -112.665781825 -100.199483794
-120.645990869 -155.654630354 -529.865967059
-224.240488334 -71.9154367322 -968.830736557
-40.4769132837 172.258700795 -99.0387175895
131.059741678 119.252086017 -452.623957216
104.927598193 129.197619984 -840.960266066
-88.8458125703 25.3355879059 165.111946967
-30.2554268977 -2.60307822329 444.98154707
93.8534585573 -37.6238863027 500.066238304
155.380443336 -25.6923592274 677.243918971
29.6404982312 155.152626229 415.770746252
60.8071718551 305.890730552 168.007852348
212.433688352 184.456345893 231.625425745
-113.330031763 -145.152793426 422.894159097
-129.512664199 -310.584097504 176.635830004
111.719495941 -286.899738774 235.36727948
