-229.213688355 141.323573853 -82.4248455363
-286.927374407 40.9602998931 -59.5496141261
-153.877634761 -214.828140436 -407.181534046
-338.335332605 -67.0988472511 -847.202291562
-116.046954355 241.687089983 -63.5773714489
102.773300198 55.1794695752 -326.465286662
-11.2174143155 128.459085999 -700.468380748
-126.803065962 77.6405302869 158.247455546
8.99219436819 -21.6349133401 391.898223342
126.099237565 -74.4590181562 402.365600989
206.85935248 -63.1429861796 560.504694985
33.4052815635 100.124425605 319.855618537
119.46082619 173.935479097 128.196687565
267.643873481 -14.8168143714 193.764616322
-77.4841774404 -119.97061845 372.151116438
-1.82004441726 -251.840455394 130.381894962
246.574104169 -212.776403892 120.166837817
