-170.998839539 -94409.1938519 -154.227029895
-233.116511345 -94477.0244292 -145.00913767
-173.790956417 -94772.0317725 -499.225389129
-361.184171584 -94540.7877171 -926.440676653
-53.9497439752 -94341.3631033 -156.282696031
83.5347348359 -94586.7598839 -481.0265439
-41.2806065222 -94394.2560785 -788.244047922
-97.6710572587 -94481.1117904 125.37859357
-13.654446153 -94589.6212103 373.172311608
80.5958657975 -94659.2084444 429.948798196
113.501534171 -94631.4279818 596.12106327
67.5401621257 -94500.6305693 302.708701393
236.745059156 -94526.8395149 255.710622874
227.649286414 -94718.9926632 346.643950544
-107.853224272 -94663.4763466 353.740797103
28.5988598605 -94885.9610461 261.883548442
227.258329869 -94829.0849848 348.953236512
