-107.347638778 39.5633725133 -131.116084248
-199.499261154 -94.3346383127 -138.795533164
-185.109418524 -134.950809886 -556.640711352
-377.81525854 -20.8784265452 -1021.80374531
-27.3150738486 173.461477424 -147.260603806
88.7855303309 131.565937834 -537.11104128
-20.2533236784 180.222640225 -949.315529707
-75.0360677424 26.9094524971 157.236138443
-10.5089045252 -8.04493475481 426.68466025
106.246133734 -48.7410718025 504.29841076
140.968661886 -33.6047772247 679.454262245
66.2199765663 145.286568886 405.680325747
187.976306964 287.44516519 299.840935142
280.569289528 146.126694226 314.675642833
-99.136830566 -147.755254828 406.171597708
-18.1288922866 -360.03418476 291.561949855
173.247197893 -307.068154402 318.850549681
