-103.238841655 59.137291988 -131.490994879
-200.238023148 -63.4995185659 -138.704297674
-180.0618692 -125.341226138 -587.83438062
-365.73962891 27.302700975 -979.89423472
-21.3849581039 181.774169945 -137.995634544
147.918901961 116.16569836 -512.142360754
-14.3231218709 190.636036638 -902.818811706
-76.6489813943 40.2150711867 150.740077814
-18.7839608009 -14.8684625345 416.111497771
79.9659738675 -68.433743128 492.349465578
116.684387879 -51.1640510615 660.273931582
65.0279057413 128.926469258 398.773120292
256.379467945 243.412988321 353.842186772
261.917524957 77.7294887512 316.081833054
-158.989080454 -139.32540859 392.179821177
-38.8929121922 -342.050902183 223.663746232
150.48536625 -295.738676445 297.836701368
