-87.6153477042 33.073235086 -109.581191968
-163.864619938 -94.0115504797 -102.074561953
-147.985243844 -147.005787087 -495.8267545
-320.20563931 -34.5791109703 -940.832544556
8.32602832215 160.158149243 -111.607656036
125.704644926 97.8786390086 -478.976835414
24.0107435233 138.916889223 -871.414160029
-73.109765245 32.5267554051 160.187992737
13.501971237 8.56304586362 437.626939324
99.8535035641 -35.2070237173 494.352758847
153.449649968 -16.0685885985 681.155715776
40.0147333478 152.663120459 363.418142445
123.784425706 272.60187675 168.668832184
224.454375811 112.079455996 231.003035344
-124.82424462 -123.160377691 418.703178476
-132.193131255 -303.561492583 234.200379052
175.826306159 -275.724374113 252.246658665
