-127.019468814 77.0079839559 -47.3311045996
-251.325530245 -48.3565729941 -25.6269577722
-104.094754443 -151.227419788 -398.395694283
-262.038579833 -29.8495396943 -839.181351847
-25.8752725471 202.372614789 -24.4646090591
167.224647675 93.4772050116 -377.761950828
78.975842786 138.868141249 -768.736183274
-72.0849266815 40.5828944508 195.361081499
64.6024527304 -45.8484375427 437.951597412
143.494492005 -99.5054134731 453.533013276
218.908038331 -97.1238417579 616.305784602
91.8664806589 106.064030038 419.752170862
105.624795049 280.848003869 223.997650729
188.00473818 178.533567135 66.8490134059
-87.7538109523 -158.784978245 364.552855633
-177.4420315 -245.461634792 92.0291482375
-6.67701585855 -261.143218797 -23.1785287898
