-191.929557116 154.773693429 -52.6642330539
-273.671253168 55.2590841543 -28.1331815065
-84.7628974554 -210.348150917 -367.721294292
-254.346820407 -55.198184696 -795.040079465
-52.0779471698 254.288443363 -25.4845644123
109.461213827 28.2935375593 -348.889574077
61.8992429839 133.548524758 -716.476533482
-97.6512971851 78.6616647588 182.57500408
12.8961852395 -48.8582354697 414.899120552
138.943140364 -115.314425983 414.051048853
252.974585068 -109.690851148 579.692399425
89.4411695829 78.4048220893 395.942712844
109.663969438 191.212130459 203.183951677
163.038625288 47.2533784102 63.300732855
-87.1512407958 -135.803831303 344.553883349
-109.725145048 -201.176626459 83.6768130912
62.3603127097 -197.914137456 -16.8227472947
