-251.437065036 118.782955933 -88.5676625496
-306.187912365 5.83297020469 -62.7141538629
-107.099616341 -230.226320086 -401.917412323
-282.408680091 -115.841592696 -830.436326855
-143.493784789 231.733134164 -66.5476482577
76.2092110891 55.8807930096 -381.151461473
29.0273384826 92.4558986057 -692.550674126
-148.401177309 69.8436437937 161.656629145
-13.8619490196 -10.1279713834 398.979537238
119.961558206 -57.1282959442 430.233903389
179.676209562 -44.0198708502 616.369559746
47.2656687413 120.895994985 367.221676501
77.9029618874 201.453878638 120.145671193
228.572868757 19.6533270483 117.474334415
-95.288316245 -123.747203442 370.770302441
30.178381781 -248.327079209 124.218306383
279.507618747 -183.011629066 122.756771339
