-232.849670642 83.8945850263 -97.1853121265
-277.066442851 -29.5650955548 -79.1658716781
-70.3714395432 -235.924140697 -431.085957312
-250.7666944 -160.804884811 -871.587960179
-119.756489737 197.35437706 -85.6570239964
107.724719918 35.5610063273 -347.77179285
68.0606695915 28.8317692243 -726.332993074
-139.419290841 57.2433815456 163.206272712
11.6186547161 4.5824620065 444.125987538
131.565939624 -32.1557334994 443.390985022
202.765049738 -16.6048419883 616.868661198
18.9144366641 134.298759412 371.3911514
19.3182177216 228.789727505 163.726638293
-29.867395338 59.3054241144 16.2224940642
-64.1604325117 -112.432141443 375.50552494
73.2356367515 -217.677531889 175.412134909
310.351509466 -97.2511871676 178.579616313
