-242.86375817 74.0499943806 -105.667044697
-279.943991451 -46.7109160813 -88.6104498965
-68.7355737201 -234.551485522 -438.558211622
-253.237931331 -164.201098137 -880.252232034
-134.566622094 194.810939824 -93.6177273219
105.536263805 58.7415962511 -355.179264897
64.5657754862 46.8460315654 -735.979492476
-147.090189965 49.1830988712 157.664198337
1.13974258636 6.65265690005 436.963773338
127.6038834 -28.0113210684 440.259655701
199.723070999 -14.3071002669 610.557435259
6.40396254072 140.743141698 364.469988029
17.4094082816 248.474078576 166.062390115
31.6652507114 78.684174744 11.5222852783
-67.2563180092 -116.03732617 368.15171191
72.3970454766 -242.007227682 182.498784833
304.899916927 -122.741113571 258.929123469
