-232.380728502 94.6153893981 -156.625889101
-283.200682851 -15.681346279 -153.312270113
-71.2190758096 -227.061194014 -505.723616292
-265.027839289 -130.830717837 -1001.67391913
-129.015827422 204.912325921 -156.550622141
94.1771934473 44.5372675326 -479.605501464
45.5491763545 85.9595859894 -804.282142785
-146.632007575 60.2981711355 133.293863112
-15.5029047898 0.750542795914 391.428829005
102.873372434 -38.1990678151 446.661496108
177.116908043 -23.3511583086 605.035003047
1.0696165123 126.408626347 367.299467976
94.800045392 225.122908507 253.943335323
169.492504227 34.3541286363 344.766399052
-93.4524094453 -109.230411529 363.82550893
46.6804531189 -278.304707833 258.725212749
228.532842716 -144.358427673 350.112758931
