-217.549723249 136.163099379 -156.284213118
-281.422725501 33.9176847299 -150.546545588
-84.9475780363 -221.200597324 -476.166706863
-260.844322599 -68.2133813149 -899.382799559
-116.201126575 238.40865663 -150.902647762
89.5606214237 24.5721737503 -461.88862509
31.3671022427 128.597284893 -824.553445944
-142.697091544 85.1865833977 125.165473313
-25.4996937181 2.99825477117 373.8794634
72.5994399701 -55.971094023 436.171723829
109.110586907 -36.4272010276 587.244734374
47.9746269845 121.640074099 343.899891701
176.813955852 173.966706262 247.329114724
288.574010945 -40.9603406034 330.481711387
-154.233804502 -97.342368092 345.857979745
-29.3048861845 -298.497391686 243.042657702
209.053232947 -228.4994727 332.860910314
