-118.068705016 104.163009727 -67.6545018723
-248.985882328 -2.12668317722 -79.5730740577
-157.94955317 -155.557554018 -396.469237853
-255.056411434 -27.327749626 -839.720616557
4.07533055014 210.452862489 -29.9742393212
130.731866762 58.5579430384 -373.418922924
85.6659711608 122.390065993 -710.505580457
-75.5634890323 69.0502843755 189.825605905
15.707054509 -24.6747027441 450.370984216
116.86673087 -99.6146115527 483.305008828
216.609162767 -85.0416331239 686.75094757
116.294130411 108.815574372 376.492098504
200.394105162 226.220610243 159.334259448
284.195635905 73.9743690999 -1.60100922535
-142.47276225 -121.989535736 428.18800541
-242.140304515 -211.503259724 100.447127859
-7.06834349545 -270.803433187 -7.76235549921
