-91.4510924223 34.8130077431 -140.650186122
-176.409522522 -103.381479603 -153.768252734
-91.5342731683 -157.860512412 -554.440858711
-265.846571665 -67.0383618845 -1076.62124298
-7.57607565687 173.007700906 -153.256830393
107.356228455 117.838527519 -468.439183089
4.68147207002 150.354218321 -878.631821991
-80.5062291061 29.0553290146 148.575173705
-3.80734433211 0.511411890896 426.446275788
86.6988484976 -42.4297335795 503.854710694
138.817560446 -25.6778524337 670.900947653
21.6451711455 156.310631771 405.267104878
128.346700932 318.037967659 290.307290405
281.521141725 187.343813909 304.654284528
-143.87161536 -139.138295457 398.156212602
-95.0415363019 -342.592594657 282.506938901
101.718664284 -316.959354227 306.221214254
