-171.686131754 151.459889395 -102.19890069
-228.425794545 58.7779901547 -83.5827503156
-101.064895896 -237.058264407 -415.672002819
-206.822388671 -69.1851046111 -840.164847239
-49.229657736 244.141961736 -83.4946314359
149.612469231 -14.398017784 -337.226490865
44.3851328654 76.0650728348 -699.53409611
-105.771574431 94.8041255965 159.256920132
33.4471615172 -16.1616852346 432.529530109
106.808909387 -89.8385470367 447.057131226
174.492657725 -70.4515115979 649.590381125
66.5825269897 101.400042351 363.03827642
82.8777219887 184.096899574 154.895322787
148.790125712 10.5128652399 95.8422392322
-104.968421874 -101.396348503 363.145038186
-122.03656409 -191.685042019 106.94279866
112.359926884 -189.068627981 95.9990163184
