-145.065185366 83.7617948139 -30.1649279543
-243.040909164 -42.3393721552 -2.48087648779
-142.175965392 -137.076152972 -422.345812735
-246.719318116 -38.1032316221 -863.441371107
-71.826309818 209.863165585 0.297841941105
122.441882316 110.531475721 -289.797530317
88.9439894491 132.475253853 -728.174846396
-82.8811601624 41.8130642651 204.49453091
34.4246380566 -43.8122688864 448.281104979
148.183641763 -95.0602454088 447.461350275
229.009920261 -92.2259333188 622.22309592
102.163265818 105.414978659 380.415582902
124.24026859 255.637703847 178.404910881
208.709306155 148.334390373 16.2742764701
-66.4981685218 -159.752079551 377.371283638
-158.256396017 -247.245986328 107.411264744
18.5837964278 -260.252778029 -68.2785139343
