-126.205177321 33.3175298624 -83.0333623632
-212.374483017 -99.8060157433 -52.4012971771
-136.355483695 -148.96827452 -537.754360301
-160.134385751 -101.749456539 -989.351421964
-68.8159868004 166.441259903 -102.424315967
-40.1719291357 150.132480739 -489.932459998
-149.098184455 175.561488732 -914.517398555
-57.9501319327 21.3816260134 177.428324621
93.4761264936 8.29027509957 409.311142346
183.705389395 -31.9365477783 453.109064357
291.636397655 -15.9079025747 620.04157149
108.933285748 154.207324562 330.107035352
124.379916999 293.413649589 144.767887408
209.505592008 166.764845413 194.25690697
-39.9043761422 -128.265706124 452.161970942
-120.955778883 -336.824316678 352.282418221
99.8792889768 -306.187871432 368.744859814
