-220.590627795 -156715.465814 -122.095955484
-242.320104604 -156811.412531 -113.686671232
-101.355389591 -157024.047507 -527.836781913
-149.795678281 -156903.132358 -955.731850563
-137.383064676 -156619.518779 -120.475838901
3.4589519687 -156788.582808 -522.38188233
-133.355308787 -156690.187339 -823.538209264
-101.848639028 -156772.967586 164.669992879
56.9735959994 -156845.514845 447.419154054
186.390907377 -156903.876405 453.065721068
295.794430285 -156885.212443 606.680024746
110.684758157 -156728.878151 366.10583356
77.4497797818 -156634.081032 133.45771298
201.420838691 -156803.403024 188.859513331
14.4415730978 -156936.943825 440.355640505
-104.61551651 -157087.784687 339.160014099
108.599659982 -157027.22273 347.244808198
