-97.0239845936 14.9975962612 -103.44618499
-168.557620821 -130.137959312 -109.306579967
-89.1672518236 -168.394664005 -538.938808121
-113.448514294 -118.937339787 -982.59262148
-36.086700893 160.133348849 -118.870745583
2.5757109969 141.515125302 -484.446178414
-105.163101845 143.261052611 -854.341042017
-58.7753203189 14.2905962463 178.867727848
64.9490446976 14.9656202138 469.074782221
170.041640899 -17.3810820515 501.894863872
261.368947422 -1.23881409082 686.923773467
61.0858578209 170.46661728 389.621134578
6.5469290812 331.221098684 138.216526666
162.467083543 247.796589825 106.621964658
-16.4179589001 -135.836608555 455.485427322
-151.081089063 -337.624514743 337.524532342
120.928664068 -325.865824457 278.629243454
