-81.6774547212 5.26586931411 -78.5551495697
-142.150273395 -144.035136649 -79.6709929475
-62.062590591 -167.513848544 -498.294033716
-95.0742348613 -121.784282074 -923.472829621
-29.0833101757 154.566897411 -88.2279750679
3.46391826432 145.255626797 -496.068000073
-88.036818965 133.135054637 -856.429567369
-44.2433200234 5.45727664693 199.296327673
70.121140656 5.63841554845 479.513497345
184.173263396 -14.3748446768 515.08248671
266.49740197 -4.68614899323 690.891255524
62.9674306705 162.987800268 449.808568063
-69.3321624383 333.588652555 206.898514216
11.0288890311 312.681214215 -20.3053652404
6.53640080033 -149.952880203 460.769425131
-73.6008770782 -329.918021031 278.72214316
138.725086072 -322.675493283 146.522746943
