-98.3799057258 14.9864357645 -86.351732802
-160.975208052 -136.426114516 -93.9953153203
-75.3344396306 -164.212935149 -523.130256927
-108.47934382 -110.309727643 -961.485808943
-40.9556274279 166.399110947 -93.9145051127
-4.680319809 153.557199867 -463.950139838
-102.501019289 145.498393589 -833.560373349
-57.1119700711 8.99366809606 196.467869181
68.4922905278 -5.80344698422 483.143892477
178.606524558 -29.417298005 521.019269446
256.721917947 -21.0886158924 707.887029239
59.0062715805 157.208866127 454.356310819
-13.7709736032 330.482982663 206.056413644
79.3797378952 280.188611831 54.9745913923
-5.74706383408 -160.110335017 461.588118396
-87.5509671252 -321.798167083 218.729127928
136.394744625 -305.318886578 135.796834879
