-107.954020407 4.03994997225 -80.9616960449
-116.769827909 -147.844927441 -75.3648830594
-26.032929955 -163.080800459 -480.66096743
-110.092705532 -132.031171844 -935.845740413
-103.373266526 155.924977403 -76.449320468
-19.0874537591 160.818295344 -466.079089063
-122.464946847 131.973456182 -827.865952719
-70.031076045 4.36767728687 189.907564947
42.7302323353 3.03329757906 475.450084714
157.931070056 -2.34621137392 503.862447176
225.144203656 2.25338960474 687.942831974
34.2619651922 160.984844048 403.936046406
-16.8150765745 319.292334644 166.85833645
137.731084934 268.53051238 138.897327858
-20.3817445627 -153.703274599 448.882416737
-81.2390617886 -322.329468057 214.829733709
176.38952735 -291.134663681 85.1521886068
