-118.353704725 24.5422286555 -81.848489264
-138.600250256 -124.505244862 -80.4450873023
-95.4076191955 -161.176360976 -497.776256881
-131.952496017 -105.936196234 -918.574841454
-105.457321363 173.589805084 -81.6052271955
-33.9927742639 172.409851977 -496.790199984
-199.465881697 178.145218567 -847.635760654
-68.6872215977 17.7373742011 196.420053026
47.4802468605 -6.80666419404 487.335116252
163.348954558 -31.1579419902 516.837512541
228.841225973 -24.9219045417 707.088029868
52.9727314462 153.215680273 414.126066788
115.562039115 303.865998179 217.727630456
280.836230983 220.362883445 84.4861157725
-34.6201480996 -156.018879111 460.137778352
-101.791784518 -319.89606853 222.371829427
115.595801049 -318.824244448 81.9434040853
