-134.150801373 58.090458994 -81.6545314697
-200.210106418 -79.2493714793 -79.9325380498
-106.483781337 -155.999162397 -487.320888646
-132.308917603 -90.6549115036 -904.189393117
-97.2851833262 195.430425675 -81.1237028555
-81.1159452254 174.840538152 -489.932750916
-202.143809968 220.604992537 -844.299312741
-69.436117144 35.1120674581 192.587384855
51.3941717012 -10.7780505388 470.67952777
167.939674142 -59.5737530819 502.513883345
235.16506946 -47.3404851278 693.038394252
120.221911077 139.686430601 401.563411349
205.811157322 260.619271254 156.921670928
410.626494752 144.427165124 80.3281848539
-45.3408333817 -141.77939825 460.057915845
-185.791710813 -302.00092638 231.902541049
27.4614837818 -353.649524859 151.739592541
