-160.705653129 34.2613456753 -58.6294438173
-237.622113702 -110.384158523 -41.0859288017
-144.245843563 -163.443451905 -411.445993918
-258.471306691 -84.3135497307 -912.286546639
-89.1173662493 178.907021386 -41.298637317
110.831727425 133.703033613 -332.398702905
81.210209353 124.868911779 -781.758589296
-103.885682404 18.1866979656 193.031224336
23.0271311772 -17.4461155844 432.814516113
143.34112816 -44.2158217336 469.912194447
218.959075115 -37.5042776604 653.675431487
26.7660071668 142.188193689 403.710880992
26.2658156117 291.955083138 148.45239693
120.574508086 197.148987581 43.6234108756
-54.6422869293 -163.892701863 403.128015181
3.68959828371 -294.779369358 146.872100083
172.774844996 -232.745080204 51.0117746787
