-156.136645377 56.582595227 -89.5127782962
-218.371263277 -86.1938728365 -90.2132579141
-122.534725816 -159.380379889 -504.937264915
-150.314153439 -96.4842245432 -930.350620606
-125.967675232 199.359179696 -91.3777761508
-108.380593166 189.664479899 -499.944038647
-224.518101824 225.837502822 -862.079213562
-83.8590690325 34.1201797034 189.189318777
39.752235316 -1.04934571664 469.547925174
164.042036915 -47.0826729401 502.135904424
226.669502378 -32.9608128566 689.15806799
108.35737526 151.77997287 392.271190797
249.424214918 257.690966445 153.124284178
415.902023783 127.803370883 75.8536337646
-54.7599277004 -143.379051413 460.441232824
-128.247951903 -341.615279574 285.189335398
92.989040749 -359.463584255 217.311621314
