-178.065542281 27.7323160438 -87.0151794602
-226.771524495 -121.044930515 -84.352393138
-81.2630107883 -174.552760664 -489.705037129
-166.59043589 -125.226525302 -903.981193074
-153.728292172 176.509684276 -85.1176302367
-122.822290219 172.937962159 -481.238471893
-243.696375061 164.683239177 -837.4771657
-106.654797633 18.605527576 184.880172754
15.7202291947 3.3238853918 464.828487095
147.256230138 -19.9842599216 494.232703336
198.7699803 -10.4163980023 679.885506639
63.4136136601 160.543595329 391.108329402
159.032048583 279.757013303 157.088636476
320.466493376 145.851208476 141.250879017
-59.7909576336 -150.69898274 445.183458031
10.7923484751 -316.612524399 213.173352947
286.468172764 -255.851741606 157.158066413
