-269.360908846 55.2804641333 -116.320630868
-253.076502247 -75.4025434022 -106.308729192
-87.8315059327 -206.434074778 -554.157958849
-218.499274388 -146.738518909 -966.116737428
-182.490887303 185.963644391 -97.0750758947
45.5059872986 130.324752759 -348.600270353
-73.8371237083 103.382541441 -705.023810899
-156.850508811 27.0368178431 161.468121505
-24.5106530596 -16.663796045 452.5518388
133.809246219 -35.3109029533 460.851456454
203.645198824 -32.2841774977 618.687089243
-31.4317743389 123.243589038 431.50992277
54.053222944 252.715143118 205.272589827
252.40517499 109.294129343 206.691602642
-39.9121527777 -142.996515622 382.863526886
90.0193474076 -251.836359961 137.776749743
265.960942538 -131.568787084 143.498303059
