-146.702551358 -4.00061273946 -84.8306333557
-178.617804525 -157.780761168 -87.0054422797
-94.8341176798 -171.314057277 -563.285015243
-194.866776615 -135.250795909 -988.118636557
-130.179591319 149.779706993 -84.9570968028
-15.3826505744 175.387773107 -431.774490404
-115.674601132 137.674636453 -805.394870115
-86.6232628014 -7.90696020442 189.827260887
48.5353469885 -12.6966422894 476.576897766
164.427979804 -11.8602652942 498.297829097
245.388154161 -12.5693952992 645.546059485
-16.4262926031 148.431994947 457.989809836
-23.0042494231 325.669050523 224.239347281
140.901109994 271.999484325 155.066199582
-2.2070023774 -170.64187746 451.91203673
112.267364249 -305.990505977 158.915494113
224.101110904 -214.630135326 153.703645186
