-129.843666728 -5.10555393319 -80.2535850534
-165.379972592 -156.16032137 -79.7240717216
-86.0644725413 -176.352014762 -514.665150106
-176.497080546 -150.008058943 -993.306895149
-109.063131113 145.949329037 -81.8512758645
-65.432923687 163.035440179 -497.784720407
-115.432909355 129.986939197 -874.548026585
-64.5673999729 -1.6126350092 191.58842841
70.9371655462 14.5533929139 436.9249762
192.682400858 10.9774480423 480.665974533
320.558071633 18.7951583422 648.123130466
12.4789927794 168.874809731 406.871744266
-12.5352049527 333.262748068 168.287648994
94.3152962505 285.133242994 146.231520689
12.5200653346 -146.64952429 466.141866275
2.28906152879 -346.932462297 300.212049059
217.307041716 -287.747937893 236.9300204
