-131.258304829 25.0610399938 -77.9387998994
-185.369141427 -110.148373175 -73.2714689838
-159.196286936 -151.133181208 -513.865341817
-188.792441275 -113.248043403 -1003.57605449
-95.0849442883 160.270652503 -77.544422802
-65.3628316279 157.983406673 -502.446024814
-117.826674631 167.507283436 -880.929015441
-63.663698457 16.5401493698 181.197306438
71.8148737989 13.9634447694 439.199113956
184.161225646 -19.2547863489 452.069442306
324.771310284 -5.11906566338 603.520523884
82.9690480139 159.138307556 352.825945924
86.3421682999 297.180043953 117.060000283
240.631031763 184.079425663 158.566120284
-56.8660125917 -128.111417336 430.517831357
-77.8800599843 -345.688110474 385.158792296
139.849960609 -311.907623107 347.008334153
