-99.0983045528 17.8262803508 -100.657088559
-139.147658015 -136.894238308 -104.55379342
-44.7205463887 -167.972638674 -535.444050098
-135.856431536 -107.881006672 -969.452731385
-62.3648606319 172.546956133 -103.76572955
40.7465733619 156.784284808 -465.66279779
-65.4801299007 147.093228538 -841.11374422
-69.7580290941 12.096441585 186.185896447
37.3188375048 -5.60357674101 489.755143904
152.033686844 -27.2169013617 524.760095676
224.906543865 -19.8072280753 718.713326686
37.7651748816 160.820567283 414.66760315
30.217028864 334.525147848 214.407243878
134.898120486 260.789850444 131.575228063
-45.0398636916 -161.723111255 461.178266186
-121.391005748 -330.082636002 216.353542743
108.148216961 -308.292798858 134.013510063
