-100.441748895 16.4195446242 -89.6354546254
-136.466735481 -136.563975259 -88.0979405956
-43.474713658 -164.638575915 -506.978144346
-128.737638869 -110.238279852 -978.478110623
-61.5673453154 169.403232816 -88.0106527295
40.5792263609 154.514074339 -436.145982874
-63.7555188999 143.70638751 -803.062228443
-70.9951309551 11.6720808916 188.860538009
36.7673758615 -0.0810870712797 485.912354698
150.012428657 -23.372957473 517.91370889
217.831541372 -13.5799676629 707.59628349
37.6331627137 162.347106519 410.892718472
26.5530905417 319.288932244 160.648372594
129.828101713 248.096059454 71.4537496374
-43.3487456279 -155.301330613 458.918734461
-117.084275028 -323.447959754 220.921267533
105.24247433 -302.032951561 142.414366069
