-93.3221114891 33.3509361104 -87.0346929083
-140.958857897 -106.675691222 -70.8150444939
-103.043884151 -152.333088924 -483.227526636
-130.439725584 -97.4403343771 -950.985752128
-43.2711546925 173.377743265 -116.414830099
-22.5484289821 151.349014425 -480.013971227
-136.141632211 176.926042849 -839.658639251
-54.740459409 26.4040845344 194.548493243
46.3764444304 -5.64282812906 497.283112635
161.008400059 -46.5444309072 527.141013222
224.001768231 -33.3092972373 717.173523568
104.755209847 148.748629502 421.67746427
128.674513944 290.384616386 175.444900993
278.91943022 195.991032834 84.2676252526
-45.7135510919 -142.443277373 472.188550327
-182.113876778 -287.888531725 236.424470371
21.5037447076 -320.032569151 87.7718758068
