-76.8319154774 41.3443160577 -85.3063673389
-134.825452834 -85.1121542097 -84.4970042858
-99.0318717208 -146.73502005 -503.889425303
-121.220216771 -81.590088026 -925.501037469
-20.0772622028 167.800952884 -85.9808971779
-69.3070255997 163.846361306 -507.886478003
-190.576824115 232.104536767 -864.426345741
-37.5831726463 29.161541957 191.334969881
59.5543284498 -5.80452355429 477.772338043
158.02817958 -61.0740416223 519.672036456
235.702266497 -43.6768676251 705.579524111
135.354331961 134.551098491 406.232130224
221.728587469 263.156459096 161.141231002
429.871279414 168.892588444 68.4766040686
-87.6931589512 -122.963647914 469.336783624
-252.861415452 -271.459997347 292.167482063
-106.617566168 -367.027605281 146.102295236
