-104.481784713 48.3322925881 -78.479176674
-146.723327164 -85.4301609205 -78.1455667974
-106.512836061 -145.970170984 -489.542739666
-130.082752741 -92.1858512572 -905.979969372
-84.5754881322 182.094924742 -79.1679214683
-74.8362240823 169.145444708 -491.056332969
-138.77728502 209.094676183 -847.774950942
-53.9407669643 31.0213774038 195.082530282
52.3309168815 -8.07908423462 474.751788135
166.840003414 -55.3848383612 509.646190587
236.580532469 -43.454464748 698.274340511
122.700786869 138.726078004 404.473963578
205.981868497 264.943001325 162.004859708
412.798100877 168.109397057 71.4421233331
-46.5268691719 -134.28552576 465.84626701
-249.613777725 -283.601980607 285.682224859
-52.7436455015 -360.116426288 83.6038575342
