-131.322872665 48.6293283732 -89.8415169475
-171.584066569 -96.973738489 -91.0341368389
-77.4578960661 -159.006122565 -514.977560174
-155.687087928 -103.437216172 -942.314239303
-120.579115614 194.232490995 -90.7564610338
-104.584881463 186.673177375 -513.421529834
-174.116248334 212.389954239 -884.232740638
-72.9155622379 29.8313511594 192.777745187
30.3482479301 -3.29221003026 479.14940395
157.616303727 -44.3233458039 517.167278678
217.934804756 -32.8997136976 702.662385914
99.0274444496 152.344091009 402.585964726
241.532406944 277.068572785 214.350895221
408.850283753 173.184348716 82.3076848475
-63.9481910921 -146.355922429 468.443549689
-148.160447492 -334.552390357 289.795779046
18.4247467538 -368.717664858 154.263158578
