-113.919388793 13.7512725458 -99.1012017359
-188.122696328 -128.098157664 -72.9978603833
-190.564847252 -158.305837644 -528.014361364
-305.741050115 -86.9171144128 -980.702142303
-39.6173499104 155.600599949 -123.92706038
76.6557004874 148.39081848 -448.123697686
44.2062549708 154.549482995 -847.917160175
-83.3896957199 6.70132094124 170.002019319
-8.62449477051 -1.76363844468 423.435207429
112.679036976 -35.9599744734 484.690122339
186.303554699 -23.9176595897 659.389775662
-4.26944107975 151.971617167 394.677918185
49.6942518673 318.8118053 263.044649498
83.7343655561 232.263787129 -32.8619295125
-83.0722268497 -151.581889265 397.410398119
72.3641768287 -343.314840689 298.629941313
307.053801955 -262.542160308 380.077521626
