-147.16930975 32.6909683821 -88.7115957544
-191.683024767 -113.252637194 -82.5128374406
-106.301546564 -160.16714064 -539.846590271
-192.139785862 -104.218969655 -950.537569302
-114.321666567 178.634735021 -81.0602404952
-86.7903813842 176.850524663 -476.68217142
-194.351311823 185.936371804 -830.912767481
-97.7243799815 20.3111088207 182.821780146
-10.7196745793 -4.74808221688 465.49659664
121.357569075 -31.8378841036 502.91617894
166.729207855 -23.0499813646 679.9077029
41.5085982852 151.27886941 394.509025718
189.170821481 277.306050921 215.710968024
348.544031089 145.650177124 160.508628237
-87.1964677332 -153.866866957 443.820556083
-18.2117034397 -325.155848141 216.051627117
255.762904092 -280.385207101 151.419086071
