-152.090603037 -0.0152148050506 -74.1317654025
-183.106840392 -153.344264663 -71.6451570826
-95.9601112731 -173.935634864 -494.694679069
-191.548330729 -132.387341279 -968.307868443
-128.873780352 153.31404479 -71.5359857624
-12.2757298379 174.588883836 -421.259564877
-114.404996977 137.37539327 -790.177363808
-83.4020700047 -2.59154722347 193.95145812
55.9870186946 -8.1789727263 485.469090912
183.501828987 -8.97254171104 482.961192127
302.06052232 -7.45970520223 651.904953856
-1.9625246615 152.159845643 421.084741442
-21.1896594104 323.074519665 181.657185811
137.38156974 270.236575234 154.531382348
0.396481380648 -165.669160827 418.681901035
45.2706112252 -315.758672445 173.992886404
208.225770309 -242.436206673 93.9138165096
