-116.242084735 -17.2829441519 -57.4358320506
-146.940435648 -164.995336769 -58.4640576685
-67.8634393804 -172.157677188 -474.518547361
-162.182889287 -147.862274018 -939.240005475
-100.839453536 130.429490713 -60.4892885033
4.45262665906 159.86641718 -409.833986214
-93.329841073 121.707820848 -818.713721636
-48.2750610115 -8.26146400039 202.668496507
81.55320174 22.1151853807 479.623321167
208.744348834 23.5659136638 471.43429819
323.912565743 33.3376356787 595.855843695
11.930848579 166.675409639 407.190743445
-91.6061370448 307.330481709 166.296910768
-59.9325983556 315.929817537 -58.4888080616
72.3553116214 -137.233426399 463.66950664
14.5724969773 -334.968749941 300.038737748
213.917742974 -303.610671822 165.243170026
