-243.45826534 43.3604288099 -93.7991273698
-263.275559615 -75.7205362167 -80.5866028954
-63.7293438413 -202.022291845 -472.568329671
-180.329488548 -163.352654319 -946.393630632
-143.320752534 162.441670597 -89.4095629866
15.173741571 100.092424193 -409.690427679
-111.526490441 105.184261227 -814.642564751
-112.88591402 24.4760814483 171.520596005
75.2604028077 7.9980519286 411.297026515
199.511730005 -13.5694365793 423.393517398
312.750536399 -1.77580574953 560.644017244
19.7880023675 135.531323862 333.989245249
4.23372773824 273.333120952 151.188476032
148.159633505 135.707943133 143.893246973
46.1601101374 -113.213724584 447.5027535
-56.7405693996 -276.384109167 340.837610022
197.396049981 -177.663734058 227.423062283
