-125.861425222 38.7947603688 -94.2617523558
-213.347680964 -92.3903640202 -91.9602796511
-129.416617009 -156.132334936 -526.992839331
-220.57687046 -84.9894590344 -975.643963455
-55.3366205111 169.980075106 -103.108959074
-22.265534568 142.784648256 -477.489029739
-143.330766094 172.111361241 -903.666860312
-61.5948279925 25.9962774344 174.704740691
57.1187437278 16.362823856 424.947422442
181.101231369 -29.7180155094 468.575352933
300.519511314 -8.81271307054 639.450531668
115.78943984 159.498965123 334.961084919
139.740880773 276.112385736 89.3929363983
226.095220037 132.738822664 140.223324704
-40.0189184719 -120.056750949 469.520645273
-120.622822407 -335.470835563 376.477855101
105.652034798 -308.882219143 388.586820756
