-109.174063864 19.066946684 -91.607713359
-167.356117217 -124.051877594 -101.388921417
-138.632011052 -156.670731597 -534.134765577
-178.187625936 -101.900631205 -974.437288494
-74.9146513242 162.185927429 -104.726584431
15.4625268569 151.384399797 -527.34583203
-99.6744810046 161.851913579 -849.574686142
-54.3937193464 13.495366213 187.441700715
77.6484617207 -3.02433092842 481.319270889
188.587859941 -31.0149367675 493.87870473
285.032555693 -21.9570361316 652.310424452
78.5629656905 153.966012544 405.460718601
17.9391015417 329.330254214 210.385126431
173.191545084 251.402203768 137.522976066
3.19367354442 -148.613572764 465.123661951
-133.073181093 -332.357018224 293.476386908
140.80723748 -317.417157915 214.749633543
