-87.8905479267 16.5147227525 -92.0640636271
-160.145137384 -124.738799528 -100.960956972
-90.6803610908 -159.865283157 -534.070094644
-182.808252803 -103.89780644 -969.958438451
-27.9831075124 157.768394565 -103.477526945
9.41097321406 143.082972344 -526.426297781
-110.917067154 156.646662582 -847.222590785
-44.958031519 12.3932500547 185.479975529
74.8526047315 -0.628516855234 482.208923098
180.22692404 -30.0291954525 498.576469054
272.643622075 -19.7562051147 653.632215759
69.8381778908 153.892328905 406.206792939
6.40353974501 332.279006737 210.883563763
161.383806535 260.007346151 129.112745906
-6.0410359002 -143.808143719 465.654825576
-144.620074613 -323.206412506 286.781887566
128.662312234 -315.906674244 215.481076086
