-84.5474502557 11.1710919746 -76.7891621542
-148.612966516 -135.859109514 -76.8009211726
-79.0517617107 -161.226869579 -517.932426997
-171.992767218 -105.687262303 -938.116938211
-26.5466345383 158.201348737 -84.9562250822
14.8314972557 146.466061226 -501.282663542
-101.322451121 142.27824354 -817.126418302
-39.5300043102 7.69317125078 201.655615785
82.8480756509 -2.14670354038 494.226437358
192.517476304 -26.5818991629 518.962060222
276.708171282 -16.8713097011 710.854113673
73.0104446848 155.795200954 419.920057005
-9.17797848719 323.723033374 215.698504767
19.8649047701 283.368022678 -12.9676242044
8.35769364339 -153.106519743 474.376111029
-74.5972430709 -316.926289836 237.395091951
135.681015327 -301.911650508 144.231131589
