-110.199085955 14.1897422922 -70.3543550337
-143.086725377 -134.629521569 -67.3010384555
-64.7601284008 -154.556122507 -469.975766561
-152.338643924 -106.561100469 -930.27154353
-79.1405958545 163.009170335 -66.4529998169
9.777754576 156.43441955 -412.238957279
-88.376965147 145.171078923 -812.921333408
-60.248549434 7.11296035903 193.290098768
72.3933594613 -9.73189785149 469.753390512
181.214996466 -22.5133199906 489.362424628
256.040058167 -18.4759176752 672.799041134
66.3063926229 148.671654742 400.535367261
1.45368342581 310.758399218 164.141482193
101.176972014 255.034108026 133.771728732
3.86899210337 -159.354787451 442.012468376
-117.970567177 -308.099610842 159.843725435
134.656413502 -285.14109353 76.1875066373
