-111.894278704 48.0213654121 -65.9569711896
-168.501863383 -87.5643680576 -32.4148718465
-132.802364555 -134.445898208 -493.567176796
-158.292933559 -85.3548046987 -966.260525588
-65.8002555955 183.607342093 -76.3533451185
-34.528926748 153.423782116 -434.828531238
-93.1796976402 183.192970358 -794.89956617
-62.8902396943 30.2399738424 202.030269332
71.5062004622 -14.2103665174 473.857059663
156.797471983 -58.8725200879 513.715649757
210.233126638 -45.1581626219 733.601934185
96.4399779508 136.330714522 398.810295291
164.265690422 261.767109942 149.239162396
313.60292498 163.678178191 64.1471690205
-59.0212835202 -145.494355319 448.651918864
-152.828026974 -279.977316652 208.956541075
8.90743153233 -315.346762822 66.2407410062
