-106.178925966 61.2334850517 -55.5911974451
-171.537193513 -61.7370681157 -35.7299509916
-145.026117375 -122.250264842 -502.082075557
-170.421933786 -56.5320686521 -926.127170333
-57.0782923383 184.2042222 -35.3433760081
-42.1231601864 159.275374842 -447.242929223
-100.24192711 219.84646965 -804.691811569
-56.9291433237 35.3841115218 199.233936998
66.8981092754 -17.9587541003 462.992273564
146.261091944 -73.2628556227 491.336082338
204.688452101 -59.7537075714 678.037787348
99.1310946543 119.663027584 387.81612814
229.322090385 230.673332842 140.961799961
390.533755794 114.223073701 49.9668193587
-71.0257226505 -132.096952204 445.967817174
-218.273758461 -269.504017773 214.509167844
-14.8453967801 -337.361513873 121.95421759
