-164.0507203 35.8853725506 -102.820636222
-210.530943173 -113.440782785 -100.289886517
-119.403686895 -162.898681542 -514.471951432
-215.942565111 -98.8951429107 -985.321786429
-130.539186681 185.211746864 -99.0494713211
-29.7672066642 173.33728806 -442.524915491
-141.704098641 176.197833676 -809.75842343
-114.680068809 21.8291564054 173.005234135
-31.3848258018 -10.239519172 462.956723116
107.617499673 -35.5947707084 499.259885547
150.038929781 -27.5598549987 689.27499901
28.3551501909 151.057672633 397.652681038
178.737823226 282.781657591 220.487997258
339.456951767 143.267900188 215.121041608
-101.621325215 -162.830857486 395.738427776
24.993113822 -332.100538143 204.702185074
259.311869509 -264.825034617 142.170817598
