-268.608171396 55.0726938755 -116.595544383
-257.21294477 -75.9742389827 -105.371818265
-86.190223592 -204.546691338 -551.804219252
-224.914967328 -144.206287176 -962.638040376
-180.785949583 186.119799449 -102.381872401
47.1209903197 130.277844101 -346.80802902
-72.5223174919 102.857592235 -702.218384626
-152.995925805 26.2763419379 162.309895495
17.2296125226 -18.2291622665 452.971447703
143.709606557 -36.6612350137 460.103831717
209.174528992 -34.1487546932 618.758143683
-33.6767821944 122.666006908 432.023055272
47.5205380873 256.489504521 205.837331631
243.978562757 117.964245309 206.477027854
-42.0896867893 -144.851667954 383.567580739
82.600694262 -253.250361275 138.27427532
249.767945041 -135.270485454 134.953430041
