-273.758644428 41.5215986996 -103.890472687
-256.296496528 -90.4718068715 -90.6228788188
-86.1250175281 -195.84377433 -525.794951739
-223.551986319 -149.602001549 -925.563356895
-186.872551024 173.515115322 -81.8988261409
39.2644679917 134.895003711 -325.826262337
-76.4409601124 89.5311912442 -672.531747354
-155.946451794 18.9691089862 163.676673343
13.8946076383 -13.6068595287 450.932585955
141.835857551 -27.201554617 452.838970786
199.702909968 -25.4511584919 613.557778231
-37.9114723381 125.905149826 429.552383365
37.6538973152 246.527534124 154.809287162
232.559618454 119.786010428 148.817680611
-40.8476883379 -142.368882401 382.550965375
131.328349084 -235.287743968 93.347323308
253.642321984 -106.058431919 147.640540281
