-260.170225593 19.473974657 -96.0887444125
-235.185252727 -113.80650729 -78.6791918205
-69.7702111262 -188.611739055 -468.046518692
-199.197108973 -162.256381697 -927.514158078
-175.815243014 152.754536499 -79.6372968796
52.8194662697 132.060797347 -379.163010089
-54.113882174 83.0486503626 -735.527745354
-136.50318249 10.8135413882 172.756692965
41.8590806339 -6.25286978018 465.76330344
177.712746526 -9.73182089815 451.169073152
278.156313337 -9.28209919547 622.049308652
-12.0186909856 133.300593523 400.770962144
-24.7778762139 268.940244599 165.616375357
126.845478596 160.613312058 149.753254447
-13.5811976672 -138.495586588 398.641443678
90.9771452695 -238.436657477 108.530704359
193.801978964 -107.799622806 150.447658363
