-131.875700441 13.7924454835 -80.4053073607
-189.950243904 -127.756225644 -83.4353806366
-103.973353442 -158.650355354 -511.891748826
-203.41270473 -122.901114474 -983.773487816
-111.233041945 155.341283006 -86.5930947533
-20.3241040863 153.408206924 -497.816010343
-126.925452843 152.008973009 -865.383740088
-55.1524418974 7.74298433785 180.10269284
109.880218206 3.48488958968 417.847906144
206.066877202 -14.2576021419 446.42880376
313.329538736 -6.91216818387 577.517691832
59.6860189067 154.033522069 388.497393476
-2.09964350887 327.708541619 166.339649833
200.002746574 256.904493441 213.464645793
40.5142879184 -141.785109294 449.348376474
-89.3257377233 -339.919233721 302.148317111
123.831471827 -308.858077057 299.562348766
