-137.675672225 -31.0613472087 -90.271147404
-176.66726379 -173.51074458 -93.6684339623
-117.96609566 -167.757073977 -539.761501012
-229.145592169 -167.058809868 -1016.87032441
-153.534580155 111.388032668 -90.5291232641
0.829982656952 167.729656478 -514.448842478
-147.209048335 128.599405086 -891.802467809
-53.4127031092 -19.4182355694 178.580244124
99.9274252901 -21.2675941879 415.283534741
207.322541707 5.98472054978 458.792612118
301.761221154 -7.17025070872 623.638743485
-28.4949532168 125.623829661 453.13116774
-120.104465986 351.185025339 428.056643374
24.9713013128 323.263648328 312.560460492
155.186504309 -169.142988636 335.49944488
180.261040334 -293.123182137 158.38854766
210.184524244 -168.619286669 205.972460822
