-70.8183122397 25.1687852786 -110.78611934
-171.842894936 -85.6019232363 -77.6569107443
-95.6567985642 -120.032108809 -538.335649132
-185.818333977 -66.2440174071 -996.955353091
-3.79973068837 135.939617732 -82.8082229855
17.3307584163 110.911094118 -531.689633182
-91.6007492524 171.092279458 -922.705074052
-49.8737568061 27.3951187898 143.832344358
66.7943901929 35.5011735832 456.305407352
97.9387491474 -12.5031699895 453.090072834
76.358593325 16.5577597845 551.248348076
86.8036109703 155.007398889 372.449642174
184.161237566 231.429076648 201.969560512
204.627229464 73.6738827741 286.694482561
-78.2685232969 -86.0038389712 448.147458826
-85.1609369834 -327.433058914 495.125807251
152.430741059 -266.490683019 482.640976303
