-113.921600269 44.5166608598 -88.8232229022
-199.942965747 -81.4794683793 -93.2984438627
-177.149175084 -145.147543834 -512.452968212
-216.011045377 -54.0423731421 -946.028151901
-43.2770691 170.512902969 -98.5575150817
39.6484143821 138.484472459 -514.929774216
-120.483120493 190.961605592 -877.775670466
-54.9966146017 29.8288860246 185.336987242
57.6376460467 0.750608238542 466.837140642
179.335022 -54.2412289498 484.637164102
294.793638077 -37.831718369 639.444009684
119.270266676 143.780309084 387.300591802
138.701151124 275.764059109 146.967133276
221.450235323 138.904250744 54.4440346902
-34.9309586789 -126.301182391 461.808819768
-174.321045434 -318.356695392 353.367499071
94.6140282801 -312.534318844 304.970969929
