-47.2060560166 57.7837792327 -104.630436996
-179.140599727 -24.9762782657 -85.8569316942
-109.112395004 -188.944453397 -440.840645998
-168.922507676 -83.6671339497 -860.994954409
97.2963700167 140.543872127 -84.3004172025
190.3721132 -56.8036505512 -432.544991384
228.883622198 -14.3557724298 -821.435673784
-65.9882826285 84.9730405451 167.88014726
-36.4263811623 46.6340162893 483.19432128
17.3982403286 -39.643695856 538.605365526
19.5046744599 1.1874113971 733.516475333
101.985924454 148.812870955 414.951778867
198.637409609 227.286680275 185.263134464
304.14950841 73.2005769541 60.7988361012
-223.304802374 -33.2594360903 413.472100871
-307.558013535 -133.221175421 140.843300525
-116.364922828 -230.852602877 57.9120686811
