-41.506047036 55.2666481744 -89.7081720832
-165.164309465 -18.4298514452 -69.6323552725
-147.231513186 -148.840231879 -477.200219264
-211.892701161 -26.5006062324 -851.552833033
78.7854968043 128.963189256 -67.6238667193
160.351658431 -38.2471340223 -472.228698085
238.415452745 15.9701197721 -858.163469179
-51.2853699392 73.4371896359 181.823071946
-18.0195482602 27.6600836128 495.211037043
33.0622759703 -58.1147286678 544.612711881
44.2362878784 -20.3785447514 743.781027763
120.213982679 123.53606557 427.823292215
222.998534942 200.437521952 207.720947848
329.505985235 59.221540341 75.5436132243
-204.919445282 -42.006162399 426.347816627
-293.619680067 -119.907425295 153.609741475
-153.660201269 -226.330524705 16.6668627118
