-25.3861353203 3.81436080555 -114.255893049
-175.941148137 40.9789624423 -80.8132277511
-245.647538172 -168.603950798 -424.161332767
-292.816763701 -108.206016155 -761.110633399
76.5993837009 -33.3502765008 -95.9421191277
55.3426603665 -213.360749526 -490.873016603
42.477571777 -151.375447492 -864.005950401
28.800527755 84.0559937332 159.391865037
102.856218596 89.7612324236 489.189319871
89.8809389182 -6.07413644807 567.179806388
244.437273658 52.6337624847 739.589304028
255.254337231 69.3621967473 403.265617565
348.22591145 45.9793057078 122.09059733
393.168389647 -97.066101253 -75.3563879311
-132.180952661 130.816470398 474.506942851
-298.396250632 180.963919791 263.448156537
-373.379093158 68.0755789319 60.0488951393
