-38.2533468256 -17.2229504956 -109.471163495
-193.360983089 45.2883432718 -46.1947632961
-268.907145821 -128.604851331 -427.522084902
-322.004301563 -97.8098519419 -803.707241741
46.4860597321 -79.7342967537 -95.4620831638
55.0104689303 -210.926332008 -492.459385809
5.76719047299 -145.609066923 -859.715780204
44.391466088 73.1060401792 153.361395309
133.194360268 92.1896416849 471.740214592
109.07053644 5.9511913839 558.997675346
270.933359911 59.5157382137 722.19731894
277.715562711 39.8435208726 347.981778351
355.58125607 -23.5047429214 103.443678453
348.395868991 -164.834764258 -74.8351765539
-56.9291099375 159.622451672 496.86806349
-262.924414683 233.881965213 303.005311185
-388.958172037 134.443388654 118.2335204
