-38.3975072934 -17.5750484446 -106.932576322
-194.753802162 37.5979251724 -44.6619940816
-267.69945211 -142.293465838 -427.865950663
-321.384806976 -108.98517203 -804.248994702
47.5301361455 -72.7480625425 -94.3607808462
58.5034836665 -209.919953328 -492.882023046
6.58169876089 -147.03337623 -860.69001643
36.1976707999 72.2939045047 156.727946258
128.290196915 89.3608960012 473.225892508
99.9265201177 1.1332099187 556.984169243
228.485829389 54.1669452512 723.284095554
274.562534239 48.7869000509 349.790354339
359.589867263 12.2375470767 104.934721421
403.113138974 -135.775581905 -84.1601193899
-62.7949723397 149.628231695 498.614549536
-267.876672689 223.959103502 303.703768653
-392.147179114 127.225777221 117.363736684
