-136.802307301 44.2200870792 -62.0987892547
-221.772426308 -96.3082758758 -44.5094365713
-134.605085291 -163.452595748 -419.484934541
-240.036244844 -70.0796388884 -865.52837518
-60.336753476 184.7485575 -45.1517207209
136.105625676 118.063651237 -400.486676567
103.922942734 124.17370478 -796.27553818
-88.7700117519 27.6332492025 193.571731098
32.9103278154 -18.0176155522 437.592993166
150.099109501 -54.710989317 476.543879482
240.561220347 -48.3802348899 669.515460854
49.4507229856 141.346529962 407.586148012
40.2069537373 301.492365101 146.647659472
143.383385242 199.225061135 50.8804141491
-55.01214354 -156.869680784 416.04629444
-137.728842146 -288.360695142 149.03543476
102.950317116 -267.473034572 55.6943077606
