-25.6689380748 2.13437450976 -105.133249675
-169.422749423 51.6714738308 -47.6482879918
-242.903856023 -152.160409813 -415.697246892
-286.740948263 -106.441930223 -780.409198837
71.7794617444 -47.40276067 -98.5563805536
41.3773731034 -222.297510359 -476.084353746
29.909040743 -152.446745907 -833.640171003
30.876413241 79.9428650787 162.612828458
95.2111516329 83.0227586556 496.15981537
72.6378771561 -9.59116026982 561.550584981
184.108069559 45.6472234816 740.252775813
236.478816459 52.3139131727 379.090091294
367.187918837 37.4344491874 106.685338904
412.245660548 -111.49251477 -79.7142107021
-96.4584945167 137.509797994 480.266512075
-287.078794694 204.693545073 237.257049759
-355.692649735 95.4499957698 49.2813395447
