-23.1706011461 2.13244695713 -112.526513298
-160.11569398 51.4607125621 -56.9906700046
-281.049795248 -161.089119305 -432.61333838
-330.005165636 -108.343951644 -764.196232009
81.4009770672 -47.1958557305 -103.018589108
58.0413114959 -222.047980382 -497.745182853
48.8757852926 -155.863777782 -862.215695592
33.7083038853 82.8444050336 158.876904595
104.534952719 91.2431292481 500.741439449
75.9668681612 -3.33456646655 562.976683719
196.333729865 53.8356772794 750.797282561
249.401580054 58.78627055 382.45237762
352.904226635 20.8701495416 150.725020317
438.967521166 -123.856591294 -31.7524273346
-123.283368013 144.01984543 447.291535453
-286.714479647 204.361219163 235.518100294
-349.291581803 98.8291101941 42.0545854627
