-16.0282814624 8.60225408232 -109.100646378
-150.458318556 54.1644929934 -56.9498415279
-264.980578576 -151.047061615 -445.714974455
-319.232837519 -87.0543821404 -773.664514935
97.8743879518 -36.9600304728 -101.850230013
78.2701914876 -203.911670975 -503.72646691
71.3569090967 -126.407567285 -870.909315341
32.9868700388 80.5064357515 164.223270786
75.6726561736 81.3938414983 505.110338772
61.1719005317 -15.4280682074 564.111123012
161.232535279 39.5765821496 756.22202162
222.267602814 51.6291597336 393.66420542
359.550574755 5.8136393056 165.984747493
402.101258562 -138.285986355 37.6150498592
-120.937891214 133.211507977 448.93846009
-273.307364255 201.277717671 222.969599919
-339.409126028 90.8624985357 -20.5258436852
