-58.2811135591 71.6094125806 -102.088849304
-162.523681795 -9.25069679168 -96.5524459236
-178.890085394 -166.710278994 -447.675974524
-202.971859336 -44.0175128879 -829.763943492
38.2532127797 152.469645521 -96.7358812091
162.44665642 -31.2384523913 -451.936741019
189.471203117 17.5469851891 -835.998088731
-54.7314470355 83.7605974648 182.020191002
-1.49064138102 24.8867945205 519.240122321
66.9080275762 -60.6760782147 552.426236595
106.256147885 -24.1643855748 769.864407018
135.325909077 128.92149552 410.757820675
232.369275067 188.446894179 172.121958504
285.139839941 40.2100898876 99.6544649601
-184.177374532 -53.2411232893 452.134521387
-274.733136305 -119.284699884 166.973665614
-144.475465526 -210.278087886 -80.0672496172
