1.86664953796 56.6060663103 -89.0943317146
-119.502565747 80.6948856658 -78.57642167
-170.306126135 -109.401131199 -425.498657917
-163.705241611 -20.7287143447 -796.178169075
84.6377712824 32.5172199746 -79.0962613225
119.469016618 -153.39736497 -423.766573349
213.74903573 -28.6177131294 -787.851815615
16.0401432167 94.1618798103 181.736889714
30.722561427 52.6936864389 526.212439812
11.6962085582 -44.0600124765 564.428110275
80.0185561635 11.6034696354 773.029042313
172.199609007 30.3994011475 415.650193629
192.355222222 -17.6442202861 122.304562207
59.8690917593 -115.853486708 -72.5086801301
-149.944461673 84.5218207478 459.129755901
-230.228457806 89.9904734763 177.690991105
-119.334011248 -46.259343356 -68.2151777611
