-54.9231387073 51.8417441421 -79.1080966253
-152.430811638 -50.5768994182 -68.3860687523
-118.96141012 -167.346866024 -421.992260088
-143.993514631 -62.3049059203 -795.954810837
61.4001198243 154.260468558 -72.8212401073
154.159449319 3.69911618095 -418.031330961
188.501428972 22.5062680482 -797.023352361
-60.9102511169 61.9365945311 195.336038054
-0.327153595574 11.5445519356 531.181553128
78.2351100459 -61.7795067491 555.72195246
101.62219161 -29.64197527 778.148982976
118.757452353 134.849782614 423.081911891
133.432328709 235.520566192 129.500120517
95.9995769386 113.862943777 -78.1993498878
-140.472107711 -89.8078956558 463.615147072
-214.132026269 -151.772520449 136.171540005
-83.5555237451 -189.043074599 -72.800604904
