-38.6359820869 12.9147449508 -98.112710612
-84.7406995548 -136.408384328 -100.386740987
-42.4465337478 -172.527261363 -477.504892293
-80.2753565661 -88.1080162905 -862.581211916
47.9674957815 162.238043941 -99.503875986
151.122510826 109.063793835 -422.470479492
74.1123278334 101.359365461 -758.276969806
-65.4717513206 19.68849725 192.431257198
-1.56157388525 -2.8084857473 535.940258958
93.454830089 -34.398317572 579.232612217
115.789968911 -20.9015992418 804.122436839
10.1445705288 161.270622414 465.39332883
3.99777906299 317.786984217 177.246009896
82.881072244 273.0088705 -45.1910544449
-118.202473612 -153.063257857 463.285779887
-147.860323772 -266.446503076 163.271430614
-10.928764042 -285.527001506 -107.481729434
