-55.1532874359 22.4554304045 -89.6078567888
-110.569179927 -120.271344931 -94.145053649
-27.7769937204 -172.34282604 -468.957402127
-106.088632999 -82.9682428497 -848.29715912
26.591965882 165.182355932 -94.3027559368
114.158690131 106.860533708 -416.342434149
-30.2649328738 113.039837084 -737.537299512
-57.282028204 24.16748341 198.110216659
26.1887722823 -5.03435609775 537.218644064
119.189182759 -44.9418633507 570.687495608
142.77679092 -28.5069644801 795.159765114
46.7885352711 152.449693274 460.898836942
42.6619149751 297.211429678 171.391003981
116.687044255 243.21749492 -99.837961615
-88.2242308063 -146.596645808 461.02131508
-120.401731998 -247.584502923 165.308609192
-32.5280113967 -274.301720279 -97.9270711962
