-64.3799679801 16.6772538439 -91.044842639
-86.3979252431 -136.50576114 -102.973643678
9.59593971993 -160.348075253 -493.904072803
-23.4272765139 -101.118761269 -886.972419063
-23.0806473023 169.860477116 -102.187643815
7.60771437642 149.336840923 -438.152800365
-154.101155854 129.009285701 -719.109698682
-52.5578739909 13.9254885146 202.220077666
53.5689726961 -7.42982048176 547.3469585
148.75464375 -30.7893346748 574.740327165
177.128515637 -21.2159657246 807.568540778
57.312123761 157.286523138 470.340327233
49.9509395797 297.007244437 177.24592251
80.5009730293 258.314451641 -51.4321663273
-55.8466231328 -161.334995382 468.937606024
-89.6752377627 -276.784405855 164.753884695
-3.13631301255 -290.232824135 -110.447289982
