-58.4281417432 16.0862376463 -90.0935570113
-79.7159430642 -136.215030965 -99.2864828744
16.250816793 -157.3070485 -483.504764441
-17.8310283551 -100.078594183 -876.282634748
-16.8672963399 168.387677638 -98.2682700317
11.2456953202 143.401124703 -426.464735862
-152.182088779 127.295306054 -757.59330952
-53.0510237751 14.1696952984 200.352077768
52.8510044838 -5.56289152483 544.02190574
135.694961868 -28.7301112377 575.729850871
131.758393476 -18.6518201044 801.469292742
57.6867923385 157.55125576 467.498279408
54.5408635462 292.63242102 178.211761066
84.991258109 251.800513978 -46.2534995349
-54.4275410142 -158.821546952 466.055790471
-90.1750198457 -273.888808564 165.576435818
1.87409331497 -287.762360661 -104.194815931
