-68.8847136272 8.63164092596 -89.7047583944
-65.6468620561 -147.77620826 -101.970349642
32.6093464056 -151.549565592 -440.613559362
10.9201219323 -106.180988597 -881.726362214
-52.7622420881 165.039606813 -101.277115888
-28.0746018807 154.335542708 -427.561339479
-133.563635459 114.377623145 -767.608555812
-59.0193598735 6.92082086577 201.43305821
30.7802850153 -3.59072483347 538.259881432
143.914548049 -14.2666324068 572.048149877
152.980544928 -10.1863789055 802.379051862
67.6635071325 162.073738003 467.385542562
15.6261613828 297.694560036 176.550491281
46.5753859502 274.301057738 -51.6776864559
-35.6198710876 -164.263748145 465.721887039
-63.3669478328 -290.583612923 163.756334635
21.8788076463 -293.977349528 -109.765847288
