-92.7120537184 6.9171130148 -75.6880955033
-91.3034462871 -149.215336529 -77.0331126677
56.6078387563 -149.717510697 -446.587398647
-19.5731078604 -105.672674796 -843.985927177
-91.9891303347 163.049596902 -68.5152815882
-4.16338090838 163.67498375 -396.0538302
-101.746155548 123.44660651 -777.746919701
-69.2388354532 1.68850933949 201.817819611
45.2446268905 -6.5501417238 511.374502356
149.812630249 -11.8172205725 541.150008453
169.933638592 -11.9865858074 761.959989094
36.6899601685 157.141533043 443.194397989
-22.6409247871 302.577964505 193.472137547
57.7379654239 283.844529586 -69.4606870549
-12.6452588133 -166.62949643 439.408036934
-80.8019396386 -302.629333713 142.666404069
58.6493143544 -298.122536368 -74.3706374475
