-76.876100662 10.2016514131 -75.567953556
-95.1534947617 -143.045198027 -73.3723609358
-3.23544912834 -155.490403164 -458.898649791
-32.2281850215 -110.674952736 -864.817258309
-43.8819050932 163.448604712 -72.0966427403
-9.85095734038 150.534819444 -409.811930519
-106.628292913 124.534589105 -802.295604744
-61.640719232 6.77049257709 201.725068882
41.1848057777 -7.81719265947 510.645674639
143.999322162 -18.9290595843 545.889143867
166.534340767 -15.6454049845 770.792118269
36.5960919195 155.085021762 441.585076715
-20.9091348952 307.775336791 198.161156307
69.184680975 281.930488433 -14.3384345541
-20.3161278861 -163.474309309 443.674473469
-86.894909524 -291.642091464 142.383720419
105.598537121 -293.220171475 -75.1588908477
