-111.880581409 0.00335538511821 -68.3796395769
-129.787822169 -152.947585806 -74.9255996432
10.0591828499 -158.319093532 -476.770496165
-74.0291056198 -130.020589055 -879.294541691
-92.4551125817 152.954431275 -31.6622653342
-53.3779357261 155.717278193 -418.103141185
-154.616567475 117.621801158 -809.97823567
-82.0780555938 -2.48608218993 198.56429318
15.9680891544 -1.60171406295 505.783509595
131.640197812 -0.22848325665 526.708775448
140.679728533 0.627820219567 724.749452332
-0.874341709681 156.379127499 435.551428812
-3.78694816371 294.65340688 148.387920114
102.187752509 257.075116222 59.3516824528
4.67287035114 -159.429136242 433.219780947
13.9335259473 -285.770868291 132.778463499
221.426684145 -240.33883673 -6.69322435757
