-117.342897831 5.11629895345 -94.0902997315
-140.849670936 -151.07587148 -96.7857459392
-49.2116465608 -161.434262336 -515.888851282
-84.6902065364 -125.749447274 -936.756760616
-94.6936824168 161.308627591 -95.7161053625
-58.0216772694 163.658389304 -450.981420591
-166.202178797 129.041693904 -810.032904362
-87.7717271505 1.98661420216 190.7955035
13.4083402528 -9.36697791371 517.640972576
131.310537393 -13.5074915601 543.168670119
144.588139988 -12.450443577 748.484800184
-0.00866010087823 156.241301839 452.389248979
13.8093493133 312.614881702 199.995087513
175.804170699 258.105755081 120.068758113
-1.63680183553 -169.422895033 441.135137521
12.8678324457 -297.784545851 131.418385106
234.836691806 -247.28162754 44.0984672255
