-189.935775311 170.26764344 -33.1951947853
-258.408904112 70.9879713034 -1.63660013653
-124.164179002 -206.079318769 -329.440826616
-231.148389161 -68.4465403266 -807.259467404
-80.5449552936 269.547467722 0.502090554606
129.460724589 42.1426341209 -250.711358002
83.0982392259 121.374643168 -669.037091288
-98.5885630568 85.9683492636 185.983228553
32.164240948 -49.6137575834 375.205526291
133.227617873 -121.502599991 391.049656035
215.145700095 -116.889170508 572.003046344
104.868844314 76.2752245371 355.307957416
133.865821668 183.945244055 152.67215429
196.432701508 41.8969050443 8.56516519244
-70.044598152 -134.717164624 346.935207367
-151.783440302 -200.59019788 91.4103187482
21.0581937654 -217.335192141 -57.7858050329
