-143.50924391 30.9625774338 -89.4229499754
-162.961427478 -118.031573133 -94.4548631165
-66.8589772687 -162.628286523 -520.512122716
-88.8870596724 -133.959556465 -953.744096496
-139.927629589 179.956894338 -92.9474086644
-188.357342308 187.095436254 -463.31003046
-257.945034563 179.715433481 -879.444288923
-84.9944365055 19.7715173032 188.82765684
22.7772673828 3.98122508696 472.294016093
153.0062282 -21.7013165416 507.684560545
211.204623558 -12.9513603684 693.420212261
74.7489626678 160.927594144 397.002623372
175.082849376 291.36721073 203.702696432
390.498675301 182.368371976 132.361532419
-53.0108683432 -148.330985201 453.956749374
-70.7840074276 -331.027579191 271.219242296
154.419968416 -324.641985262 142.381515614
