-211.873518509 123.85605866 -71.8558122018
-261.775066679 21.4832754008 -47.8330305298
-113.465863905 -225.57752594 -387.442570056
-233.337441633 -124.893810904 -876.898090036
-96.1517670502 226.229009652 -50.8225761519
122.286509806 22.1454450017 -308.526410431
80.8714597471 53.6009641476 -737.275320666
-123.414247771 75.1044228235 173.790592038
22.6558070721 -12.7350560249 407.483857662
132.042246471 -66.5969782729 428.0194739
214.716668765 -51.3162901006 612.081963963
45.1380846693 110.521465399 376.438393438
44.4027007186 196.153209461 126.884358528
54.5665447424 41.2028210059 40.6951285274
-60.9398546424 -114.26571377 379.978080068
0.957198801264 -209.437258175 136.281081457
180.075019726 -136.913925502 121.129936682
