-169.321916558 2.92393685375 -90.7819372018
-175.057664349 -150.661683397 -95.7407257339
-76.8770425533 -176.950447498 -504.753084106
-111.533442571 -143.225494259 -930.083522066
-174.344674673 156.509650031 -94.8122435425
-148.620210109 178.837975027 -447.036798326
-261.776416912 139.990820861 -855.266395075
-102.974277198 1.63028455558 186.724404168
5.54349521826 2.3076173887 468.563926887
154.623471433 -4.03341276071 498.186001951
237.403210977 -0.563241075013 685.774634291
41.9190686096 163.451647435 396.850054229
72.0612097609 322.175638597 204.407406704
296.635441589 236.120628246 132.700765372
-54.5053802385 -158.742781426 446.980480214
57.4574766918 -321.222047187 214.018044189
291.694928641 -248.549091374 145.405900525
