-34.334176029 78.6444452516 -109.252011821
-149.935580384 20.8814151415 -111.454885431
-124.399927173 -151.523958299 -476.304150667
-141.731580277 -35.7884342384 -853.393846589
63.9508099149 136.407454259 -58.8798627262
290.774568599 -96.5901656591 -401.295268267
292.976420023 -42.4328126611 -784.42720379
-64.1064713298 108.722144185 137.781204484
-55.784342331 75.4967709785 368.891264492
-33.8229147035 -16.7525983692 472.2671005
-107.137589301 27.1215339059 648.884115674
101.675325027 136.25428048 396.59994656
220.103675365 91.7245777639 212.965755288
-24.0081524939 -87.5037839124 155.340286642
-169.721765519 15.9161336381 342.279585389
-290.886669587 -137.577027424 204.715391443
94.1248081879 -151.0172834 159.688168781
