-52.9155188443 53.4394702105 -138.384239144
-175.327803899 -40.8566228034 -149.696037005
-134.24425722 -174.913026322 -534.067091686
-163.075905229 -50.2225335024 -936.317661545
50.9178605282 147.735516522 -95.2707481801
296.876868117 -43.4047343749 -454.51227715
302.572643568 -5.25922437986 -866.563844665
-88.9360993398 83.8476358636 136.254307339
-67.5799630612 65.8980405343 421.113328869
-18.8019591764 -19.1442403342 510.906457113
-65.3418113481 24.2079668923 680.107395047
40.4444413792 172.618368203 405.16218815
222.947170135 227.561302968 198.871596306
220.137524963 64.0031023807 131.325850127
-186.213651473 -30.6659631686 397.499711257
-265.258445785 -239.242488016 222.487181654
-76.8546706048 -285.112794844 380.340202819
