-63.6992203385 37.9722543641 -142.906458388
-164.87519149 -81.541520172 -146.505384028
-140.478102405 -153.675588962 -560.400263882
-250.434736337 -22.3449257379 -972.576979896
38.5238782227 157.48599864 -145.642904758
234.88085008 34.5358024085 -478.185438919
219.822565561 67.4814879704 -902.55430689
-86.779407865 50.4687134714 146.411844206
-49.9203797141 30.0594418634 446.231439004
32.2442503398 -37.6156511584 530.788520422
28.6180014717 -4.26281631799 713.996813184
45.3579019118 167.306436515 421.557373731
143.437623711 276.385379721 214.588676453
164.72191857 122.510929256 134.108467516
-160.694814248 -95.3501203842 423.84927673
-152.984434055 -301.092682079 235.268330377
44.0249187822 -290.109941031 406.737879322
