-74.9677421536 68.1880745705 -148.32408101
-188.753663933 -35.0361474777 -147.812622932
-170.500724101 -128.952987064 -558.080151469
-275.824788316 13.2077750671 -967.122075404
20.6872640692 171.41239963 -144.441789559
219.783684696 26.8167595895 -471.171279032
204.365715325 79.494650626 -884.405249688
-87.9470365179 73.8753068116 127.765624743
-84.234504857 25.7204395648 380.589999488
2.99186610345 -40.1175497893 487.848293214
0.149970291037 -10.1409967765 689.09890431
20.5210288326 147.549353437 365.738898047
299.540051766 188.427111254 386.724996349
226.250739738 -3.57585593944 428.692792386
-188.329235387 -81.5864000039 352.438440594
-176.770193649 -281.040346836 155.422441323
93.1146555979 -266.353329678 231.075779135
