-43.961113478 73.4804804576 -83.2019380866
-170.819725368 -2.73776509905 -47.1546467856
-161.887513728 -132.553496129 -486.364898574
-251.264497867 10.0267746509 -883.208652472
99.1732720922 149.698724518 -35.6529108163
279.339981974 -45.3312918415 -411.312374179
276.674034151 17.9060768552 -804.878023168
-69.0620633804 87.0201302796 165.393645257
-79.4953096415 33.946524145 395.894921116
-22.4421721859 -50.0492890719 500.213341091
-65.7903342513 -13.5982684396 696.934176759
88.4491667091 126.548507847 429.190839827
219.800804962 162.869826892 243.13234155
206.339935218 -2.5588194868 169.453799574
-244.891123807 -43.1605022543 356.720537186
-194.513116204 -176.231853643 74.6913291136
-1.11557418477 -231.055271696 74.1594242976
