20.1118952068 70.0943236006 -94.5154177183
-88.9337730248 53.2423440964 -90.6283779016
-153.165229812 -137.337159397 -479.398889828
-218.062860932 -32.9886506242 -883.871549795
162.408809391 86.9462847723 -32.8095125201
310.882214977 -122.485653527 -464.417917175
320.951700251 -3.78694166722 -810.237449972
-4.09599243396 98.7388475457 168.327177705
-52.1600015556 55.4874347546 411.465345691
-52.9190590796 -48.1283915253 518.250599637
-111.332827811 -5.30354854623 720.512415256
141.102024668 73.9490650247 455.476386061
336.792670954 31.899279669 264.483649246
243.299670647 -107.315047066 191.362699995
-231.698522693 62.2731408251 377.890881796
-337.60361006 38.4293496014 101.989688158
-322.480264987 -114.873260245 6.00131349025
