30.2357672747 87.4139950569 -72.7605011101
-91.3049145275 90.5696541634 -69.1945920308
-167.092426359 -85.7900035728 -465.018289209
-228.016255531 13.0519703364 -858.297184905
157.707974146 84.2583224091 -10.7786101364
301.247583436 -105.190504041 -442.938958577
378.094323035 33.3700094885 -782.062801084
6.75268974189 89.0846154063 175.903263653
-52.7851004133 26.5659946086 415.182785735
-68.914816883 -76.3237908376 486.708960302
-122.769836721 -45.6971529597 665.917555842
132.764844889 26.6560817875 462.07740303
385.338640023 -32.280040165 283.640429723
232.788532612 -161.867823085 198.943600705
-236.649267265 58.7525545578 330.904956955
-344.300309978 76.3237112636 102.168439844
-345.023787335 -77.8952583087 -61.8591370071
