-245.799496965 144.264699399 -132.05784243
-301.712425504 36.6944067616 -129.507598747
-156.795052225 -203.578282995 -469.984716519
-284.573875493 -60.8596414291 -916.213333385
-129.733053532 251.835183484 -124.548556491
31.2572070476 71.0039896122 -392.082986172
34.8647340238 158.58510619 -832.556227282
-145.409572532 76.4144965096 143.597028996
-13.0416297476 -25.3232925038 400.303669629
105.492077829 -80.5509256188 426.311471426
181.141545919 -71.516473775 570.423881315
12.6921124519 100.952364816 380.363749264
186.163539578 183.115640398 275.78106215
320.736084634 -22.0554494222 305.779259063
-98.747863534 -126.865002832 329.393249004
-18.4805631837 -295.705677665 204.917833838
236.229239758 -236.839382035 226.224573945
