60.4697825867 66.0983440805 -71.0610500956
-65.5563840362 145.863682869 -47.3791655166
-247.873899676 -26.6304767212 -433.982261136
-403.60513322 -8.56035809359 -838.591686564
167.838206397 -13.6669651404 -49.2270013716
293.067045528 -110.241817176 -438.568413275
401.845344509 55.8343626781 -760.847333603
57.1635852986 64.6609379474 178.208793259
24.9185400003 7.15325942975 396.740061619
-70.911693754 -73.0986096257 484.190156067
-119.725463408 -54.7184439129 698.101215475
149.034648642 -73.5074808801 429.587444164
326.607039329 -175.982797504 166.374888624
143.329470691 -288.46133489 65.9912908097
-140.505499973 120.083363998 372.390734176
-184.891359292 244.476581699 147.751985599
-344.48255551 108.357480977 59.761025614
