-207.710916759 131.355343287 -140.072766715
-263.327993968 39.6925476518 -130.851283658
-120.045048034 -216.006283987 -476.432568774
-241.516458175 -94.9911439797 -917.292910367
-89.4477092196 223.018366241 -138.647618423
64.8895286547 -4.35402419082 -403.523753792
71.4915527197 66.7468826727 -834.787716243
-136.99257097 85.8690064861 138.086278953
5.17119967059 3.80899976379 399.411822782
86.9812549006 -53.0839186294 446.825671497
146.155331197 -32.595090539 610.651885482
23.4097771336 115.018991221 374.350714103
72.6942064165 171.841168572 198.082847857
193.774908579 -25.9337473292 281.988028421
-123.47934906 -89.3451160459 371.298717274
9.06218949246 -240.730636713 203.112191457
251.167864761 -171.396428225 288.192905161
