-45.9703341329 58.7177311195 -132.040815312
-156.759158076 -13.192989957 -133.171942344
-236.345318598 -85.031535932 -530.499442411
-488.294604304 126.550735739 -862.675842549
67.6784521741 130.62834276 -134.876666265
237.416175855 0.394798584995 -525.790106758
303.526693088 75.250053364 -942.683035312
-49.7621016141 66.1699249751 137.913982847
22.6530806853 45.8911095877 392.758843117
39.9431671714 -35.1454276831 498.49900039
-19.828577376 11.4577107385 707.514110245
139.135676801 135.097611697 366.049832462
315.253401289 146.209895057 159.997970171
179.567691462 -18.5557537703 153.222408806
-152.106827359 -41.2035543564 376.374809119
-175.125598703 -294.294513766 326.745298794
-36.7710869172 -323.679367996 449.240755895
