-201.109040007 -147368.257054 -160.327634563
-255.761488046 -147458.494896 -159.369839533
-116.838360416 -147716.390772 -514.014054007
-245.464540485 -147588.62789 -966.41656699
-85.1088547083 -147278.018988 -160.287929937
72.0617079609 -147504.149953 -499.585298141
78.4057303196 -147408.219509 -886.942711672
-131.09157687 -147412.847736 134.394734576
9.15797291536 -147491.391097 400.958481264
88.7682449657 -147548.525073 459.484935737
154.923192646 -147528.115359 626.210035872
26.8384974502 -147380.555373 376.268651961
83.1304757588 -147314.86666 265.10287453
202.102919491 -147506.368876 352.237360436
-123.935233958 -147582.354554 373.133170078
-0.103974256136 -147752.992022 264.418109886
200.590367808 -147670.393986 358.267310078
