-28.0324809694 84.5918703346 -99.5033984128
-129.357625914 27.3322033136 -77.3130458007
-187.469553011 -149.561189836 -462.70790383
-336.569150208 -6.6289330504 -862.923139226
115.991270444 141.85152393 -72.9205425874
289.731498282 -93.8847989397 -385.5610739
361.169284842 -42.1475414802 -801.790666668
-49.4258070172 105.482743454 155.803482094
-72.3500588369 58.0277174264 426.036911636
-13.4088607712 -37.3503568107 497.057352289
-13.6589906145 3.87129519368 686.007117007
108.261843369 129.289368445 414.015972571
299.353956578 142.083079094 213.834511087
210.023702047 -29.4477132905 131.160455932
-252.05930621 2.61214420572 344.266494442
-287.523370054 -126.474634965 119.329917715
-105.543500679 -226.327756104 111.562075555
