66.5150774657 86.2400132137 -54.8430926404
-52.3689288107 152.740424142 -23.1944599447
-157.504184514 23.9013212617 -412.762523964
-285.986602531 80.7913557696 -824.127022539
183.858060917 19.7396907392 -26.339195154
312.747392171 -63.2184789487 -487.745803314
355.51443732 92.4203612831 -828.895227699
51.0645093971 61.7765745644 185.465547516
-19.8056466781 -14.8814699204 404.508096059
-70.1809038715 -99.3488431389 466.794632676
-110.487089013 -84.8458062733 658.606130587
151.875880578 -79.8765674708 392.808444396
328.619703368 -187.536273107 180.099210705
90.4338420706 -298.940839379 94.4524521327
-135.886406135 85.3523510322 382.026969227
-254.58389484 182.526697136 174.826735856
-406.426563922 31.8410565047 81.4549828477
