67.5626810593 75.2594671248 -61.879016074
-50.6611111457 152.337436572 -34.4361400754
-166.007367054 24.3494338115 -408.418656549
-286.789148191 72.3038062029 -807.432394898
169.192188048 -1.81841982334 -36.9836582805
291.56797261 -80.9855664942 -482.845157042
398.165747147 83.7484373308 -809.653485381
55.5737976229 59.1580776181 182.85069138
24.6122148619 -6.62792112243 395.825738555
-71.825176222 -85.329777146 480.443251898
-107.027407329 -67.5703398483 688.455270137
145.51565817 -84.7143916467 426.650957627
303.841440888 -202.70278338 162.220393164
70.8727950542 -314.687508663 76.5490755028
-137.262427304 101.789876923 372.461402503
-242.605006854 206.001976229 157.267593551
-413.415548923 55.9357000908 64.4900701261
