60.4061433165 81.8005763824 -70.4748278091
-60.794916631 143.012174726 -43.7162732589
-173.164726919 -20.899090508 -420.858028786
-298.119337569 26.124864607 -832.449649367
172.36820625 20.5890525869 -44.7260067307
293.212101167 -100.143674886 -433.397901342
328.825345206 35.8508290451 -823.441480766
50.8800764985 76.651683527 180.279587503
24.9856745812 10.2657320084 400.140582286
-60.2836302064 -77.6846745672 489.097005128
-107.477048465 -53.7270956156 700.749316319
152.749183458 -50.9724601315 432.508360412
329.484292941 -147.134561792 161.472791057
150.047911026 -274.63196889 70.6769470794
-138.923154993 103.394979711 375.207598819
-256.861044005 186.294260353 153.600445934
-416.332486068 30.4055251991 69.3698611599
