-17.8185453292 85.4334541406 -124.388877912
-144.91343969 68.3905519216 -90.0835530984
-224.168755275 -146.638451747 -457.542519755
-366.829136703 -20.1839282829 -858.618386122
97.2003712586 102.476341677 -145.590095211
242.908287313 -120.856663086 -465.778406009
309.261781777 -21.5460381833 -862.941245676
-16.5862670515 118.994280539 149.895523925
-17.580275259 81.6616153296 434.538720763
10.1577396314 -21.3695818336 525.237310321
-22.1115793104 34.0669390652 739.279832462
162.916025204 108.313552913 407.036030214
328.718739919 54.2332028617 133.599863567
168.698449573 -119.810775636 122.632366804
-148.074819564 62.6331215212 404.143414521
-247.41539201 -67.0860487333 207.68188268
-138.610257225 -200.231000471 215.664072768
