-191.797067644 157.40250802 -159.593656542
-260.656265623 71.3206728098 -154.49194604
-131.524777442 -225.961432855 -500.946313368
-251.634512195 -60.4578231772 -934.941919802
-84.5656544308 243.484490585 -154.234371963
115.166686502 -8.10843794269 -485.683607894
66.2235188115 114.957071325 -858.821315588
-128.416811894 103.466608221 128.208571842
-54.0220423485 9.43043923349 378.319215163
59.3299817155 -57.8954634042 444.770276491
120.578435364 -34.6214665813 595.74858491
26.0768619221 113.707373748 355.92729597
198.843169347 132.731152271 304.627007564
247.874426121 -64.2397599166 337.397471537
-148.097704431 -76.8336622537 356.028275732
-15.2722278839 -283.948032088 254.562052966
171.010086441 -223.079289442 344.397730896
