-54.8159892848 15.2219778317 -126.235692164
-138.85002047 -110.177266661 -129.733692875
-201.707392959 -128.807396647 -547.024123964
-404.064169871 -6.04956805231 -952.227732132
51.6174471679 140.62112355 -138.49123096
187.058120563 68.8994091424 -470.259393754
251.091695698 86.5925453043 -900.057947204
-72.3540064343 21.8432403519 156.798348502
-31.0416699387 26.7816279929 460.609274975
62.6513836993 -26.1781196386 532.569989758
57.6144176418 3.48333846739 729.341660155
52.8287984546 167.563891111 377.395472364
76.9222565109 288.543318153 155.003779434
98.9044524892 173.912624061 -28.4274820249
-123.937724377 -115.175971496 443.62096288
-31.1493200808 -339.554810302 332.172107022
154.713109209 -288.561590221 447.242014281
