77.563364897 86.197676928 -62.7365037662
-62.3432428455 162.26002703 -39.5192474625
-178.5546019 2.75589095028 -419.016866136
-310.22484469 44.7139940471 -818.145599334
211.273764258 10.1353977743 -40.1001178463
285.04042867 -93.393309943 -425.818019548
388.231270251 59.4683158032 -805.039164689
59.491797308 67.9363614651 183.449019546
8.08181673355 -5.34826235782 394.732383685
-80.4284512651 -86.6457271158 477.78570804
-126.498422714 -68.0784937652 688.17905027
129.965003851 -83.6353085712 426.518539262
294.82164467 -192.626243959 158.351944354
47.932405116 -287.659224183 71.6049243172
-146.696065344 104.348296223 369.800124132
-198.913498115 209.046823585 147.611595017
-342.115657966 55.567370704 56.1352681678
