77.682624856 88.0281068646 -71.1707545253
-25.1066212284 168.743288954 -46.3166556896
-211.365723395 -6.73376984901 -418.72484357
-344.053446986 40.7513385381 -767.181748891
200.738372807 7.31301116774 -48.8003527819
268.09566313 -104.679571926 -499.12816056
362.540995022 52.0894906454 -822.60713882
66.491389613 71.2787303408 183.191251593
0.482568730806 -1.55551693741 449.679793039
-63.6198914494 -86.0506145447 494.754108744
-81.1987177841 -64.210090943 698.046906437
176.695815858 -81.4119047862 428.289671793
290.212950588 -193.59723535 153.20351132
102.503206457 -298.292487075 65.1710076815
-158.285080582 109.705668012 373.453382814
-215.722499981 211.33655702 146.847806771
-365.53748267 66.0088007406 50.11599465
