77.2939355723 83.1323132617 -77.1396786639
-37.0700035211 165.718165503 -53.8963092093
-225.816618458 -25.9714033806 -413.693958702
-347.7682201 12.1990160232 -762.3959836
195.054231979 0.546527588374 -54.7627191862
248.884543651 -130.811915724 -434.495882001
346.779747474 8.92194138851 -812.34154091
70.0313771824 77.6146767275 175.465956537
-1.03757058906 13.2434078057 438.237773605
-58.501620985 -70.5445800677 488.1436751
-81.9985256669 -48.4497899831 691.167149209
174.002052544 -68.4577907069 417.276297612
336.239172188 -180.921837571 154.35968438
100.945426396 -290.943218017 57.2935635944
-114.593831289 125.239097065 362.053125795
-217.086281467 230.209402578 137.812654925
-376.534123178 75.815606495 43.3979276356
