53.7696927476 80.5531732608 -92.8430353451
-69.2883769376 146.244340576 -63.6080443432
-250.539818423 -80.4783859851 -423.791769553
-387.60396219 -51.4064781649 -833.234984797
170.925188883 14.8620277859 -65.5448194193
223.628055532 -150.161939547 -439.466601644
312.394497091 -19.0594161316 -823.683618828
62.379580277 97.178487452 161.09056755
38.6990026866 50.2334571283 432.095742662
-22.1738149239 -40.5590449612 493.341980506
-33.9284120541 -4.49610305199 686.006409183
216.230849871 -15.8452130511 409.466747003
331.704646057 -137.735377186 150.786478289
145.750600781 -253.782870481 130.257061969
-133.136612979 138.664865878 356.372687502
-245.429223315 188.255353643 137.855454055
-319.406435039 17.6263597117 126.258076465
