-42.678654943 52.6353062587 -146.358650514
-143.975562091 -18.2514057153 -129.269388326
-286.031706779 -84.579134468 -530.759409554
-487.030384213 147.276181964 -870.640234688
92.7321369018 123.521915632 -188.765093553
259.059886671 8.10950294073 -539.643980501
182.813875012 111.775697174 -948.007266085
-43.220764154 65.7613825667 137.172642224
-6.52660459291 42.2074972949 414.369080484
49.8122464977 -40.7759269454 515.58460599
5.42161753025 5.39130815954 730.43880799
158.166743627 133.091613384 379.538113446
289.191284455 147.307750609 173.791410269
213.947709283 -26.7876496647 172.925073937
-129.454199549 -44.5644574899 396.462098813
-145.688292019 -294.489973941 281.334094664
-2.62650422052 -337.161059019 459.639007733
