-44.9348868448 18.9974533395 -128.211400835
-134.362450542 -88.1649521023 -127.039713983
-286.439549606 -85.8206391415 -563.411045436
-508.786359305 92.7958454214 -911.64774121
71.5548669532 126.159758602 -137.756765383
189.045439855 70.6955719563 -560.86124764
167.920779927 131.439297395 -993.3813351
-47.5789664723 25.128833551 150.716182778
-5.72030741708 20.5630214734 406.873054186
77.6510285768 -34.5383333649 516.003771526
76.6512676326 -3.37543181625 736.932380994
87.3194806272 148.227448874 380.241333312
186.976419697 246.459234394 181.509053151
213.698354277 115.983670483 161.989180392
-115.316878273 -104.6517213 399.275045907
-40.7678737518 -354.070010833 350.29754988
98.2268099337 -331.081911911 465.800426039
