-53.3272842891 20.6652569369 -121.837907101
-137.753575067 -88.4677878041 -122.351915974
-283.318039244 -91.3259985096 -552.073852281
-495.701330741 71.6540422786 -956.422109987
62.6756805221 129.798282379 -133.927971259
179.599396949 74.6112144951 -545.081828234
155.259930809 128.581655616 -970.901465535
-48.3369401312 26.0757619586 157.286538885
-3.97575690684 19.5586525567 406.492674003
95.0149352019 -34.5304475037 513.292780194
134.68791002 -4.84182712862 718.378880363
77.263817858 149.455233972 370.881998792
176.830297223 252.487410172 172.894738036
203.067988652 120.615015504 153.220310963
-111.700323171 -106.331565109 446.384239697
-46.3826220562 -347.16371597 350.260530176
89.4466251566 -323.191193564 447.053060662
