-49.6755461181 17.8320009992 -114.836096856
-126.652009055 -107.550626411 -116.495536741
-197.7556499 -127.623933596 -533.117138947
-403.52882099 4.38347147731 -938.938219241
59.1737456528 143.214537474 -117.253969518
184.606925083 81.3279673631 -464.156866888
162.565344973 110.137856292 -947.05356354
-53.339518569 18.8934627165 160.593475327
-11.6941684454 11.5613192525 408.415840392
94.1060764257 -37.2475232291 512.5131401
133.452277417 -13.1296478069 717.535304767
68.405232767 154.291969134 382.265842087
80.925589634 294.780072835 169.392222286
99.364692344 187.650419829 62.7661788427
-105.24255075 -123.930191755 444.577736697
-35.6954626121 -328.096142443 275.005299075
92.0748538877 -289.400525827 438.127255601
