-72.5300692447 25.3859427275 -136.379164071
-133.488034725 -105.636625725 -143.715021488
-202.239316771 -124.624833811 -565.172589575
-417.042707518 4.43927092191 -982.530778414
-3.57541807097 156.408535061 -144.220248501
196.310947795 90.8117593571 -486.424749341
170.029369838 116.504168974 -922.947228133
-66.2710689381 21.7100818821 145.780840231
-11.7312179407 5.85338374115 407.265553742
95.7410185038 -36.04837165 501.316725221
140.959811457 -14.5789474349 727.409629634
68.985634548 155.200525916 375.239702245
104.99110293 291.052433341 178.20789509
121.862143841 161.677998802 246.466073649
-106.564335761 -133.767385112 389.297873493
-31.4951112172 -344.352355801 271.787528648
102.997131621 -284.078901272 449.054632918
