-56.5999251846 8.27244320188 -154.580952133
-101.615927533 -128.760340182 -162.413160411
-173.741997003 -135.417980976 -579.685869758
-391.018894208 -40.6705447715 -979.004364589
2.63439679805 145.305319094 -161.587569634
187.322673212 115.77048289 -485.400142047
104.217221845 136.000886177 -914.945873492
-73.2703427215 7.7129243466 121.256041807
-70.8798707411 -5.23111011447 378.501746637
53.6886220174 -23.2544885237 484.208644979
73.9571722586 -14.0421003579 691.183990804
-10.3296734061 146.39668442 359.847680612
35.8575881483 319.886933871 246.581386648
215.29293103 210.932481286 426.638189922
-94.6651685238 -148.359100508 349.250381046
10.7819968739 -344.741283805 232.839644515
212.187551299 -267.082798367 421.376808902
