-144.296282849 158.219254162 -164.085510112
-223.737778157 75.2729571536 -156.311270466
-44.1904857107 -249.288710115 -550.341828845
-209.653050153 -65.6255475825 -971.849746897
-42.5225102409 241.165688593 -154.804030729
145.791013863 -58.016822535 -467.212493725
98.4344627849 81.2442913223 -775.47700612
-104.80453914 112.488932212 127.882301624
-42.8343798185 18.1990647708 383.368067588
46.1261171246 -59.2853017023 464.575148755
86.6044436177 -29.2439448132 647.053144892
42.8473979958 118.557645011 361.469381486
217.251631388 129.581150465 306.56584071
198.363482343 -42.640600626 345.022637327
-135.928726212 -57.3865034287 352.881971096
-135.866501286 -230.233045018 243.772457042
45.4409996953 -205.561250669 267.873880458
