74.860741821 104.768818998 -47.4682071404
-56.2630888981 164.046065423 -18.0134389315
-171.333779919 2.76445240602 -390.438378824
-291.199467741 64.6357980565 -787.691599446
223.253443817 45.4916397146 -18.1753830428
300.131630137 -76.3329144101 -460.363453854
391.654829919 89.9771422353 -790.393276362
49.82481264 70.8700816026 190.103056662
-38.9904767994 -16.746534775 397.94137634
-83.4169265304 -106.615002499 463.583395108
-127.079470628 -90.2706481782 643.917470148
138.6948094 -74.0214394851 440.12552509
316.184386373 -171.765260767 188.871056525
140.873314785 -293.053114288 94.3552984552
-153.666817075 78.0629994382 371.375036624
-262.144235344 175.450631817 101.27573833
-410.115078043 23.9953762495 -10.5186160048
