76.4721311356 114.210306921 -44.0176318439
-51.8497824967 173.656581603 -12.3043334976
-166.54635475 15.2927003608 -386.287787186
-286.346784784 86.0826445278 -784.720124617
228.996919497 54.7640916943 -12.8038998714
307.921215048 -66.6884707833 -456.634531957
409.775657171 105.138671861 -787.320976413
47.2615070426 69.1768611823 191.184341516
-36.8327141558 -28.2687557482 401.399546999
-88.0904628715 -119.153394925 456.098621309
-125.440335343 -105.026728687 647.271523255
134.734354279 -83.7559175201 392.549983183
321.899833353 -180.258418359 184.747887598
146.765448789 -302.628970278 100.26425837
-203.421615479 68.3752886926 375.715646023
-262.352916746 170.246153169 106.663735783
-417.302924394 21.2870813921 -5.11556727039
