67.7104604713 93.2677623899 -37.6589005611
-43.016396731 161.053685386 -7.30358906154
-153.959449428 45.644046157 -401.219108929
-277.010353978 114.157430076 -803.650311801
180.957018059 25.4819053828 -9.50760437843
312.40521569 -48.054062853 -475.044013071
419.671800964 122.755365742 -805.92779282
38.5120001807 49.6553215074 196.407866988
-30.8477140418 -42.3612768659 406.704026029
-101.20814396 -126.751948412 455.257461124
-175.079640079 -118.883162943 646.066510081
139.265472703 -102.739101362 389.840267686
324.798780942 -187.178055963 183.148430853
161.040213046 -307.957896621 90.7797983029
-194.955303674 62.7680545206 376.272201272
-251.779319771 193.083792361 167.293417922
-411.490323703 64.8607681283 1.76093357986
