31.4741991618 77.5167398778 -135.874253627
-71.1409950654 66.556276615 -134.880202415
-138.28081629 -198.907262263 -422.887477163
-252.186811158 -126.382550756 -815.749635932
184.442307581 88.4771938705 -128.547892323
324.127468889 -186.106299265 -425.086014115
399.801166146 -93.2659386278 -813.348472515
9.28654672066 123.638998421 145.150028391
-19.2695653019 91.3444413918 432.658643903
-41.137853298 -17.1272511075 530.952392625
-84.5234584234 35.6461876838 740.981349263
166.464156865 95.4615561374 420.895901666
344.560957749 30.7039604456 213.581935228
195.472012834 -114.049139876 137.728900831
-200.695158726 109.293231307 401.454099159
-394.821484013 99.8528912393 140.388819461
-453.949781085 -82.653035103 40.9558616616
