-76.5273432214 49.695888393 -144.632249843
-176.578836045 -72.4320964973 -146.086852791
-163.701309095 -133.08528568 -560.985140197
-359.939882448 17.5409282419 -965.173482325
23.3724482385 171.823933833 -142.49300014
217.856368642 58.3980284056 -470.420466822
210.976272635 97.9622705522 -903.612876662
-90.7618024888 49.6862437722 137.848203037
-72.288876016 6.99355015435 404.07577606
21.4906063728 -46.0803369024 510.579915377
6.97516830501 -21.5908714597 722.110073926
24.0323918893 150.200626339 387.100136841
227.042594063 253.989608782 338.774000256
231.542796713 89.7234268475 354.677308501
-178.760693693 -120.720260221 368.290125226
-99.5414559889 -317.612278557 164.360852641
109.013012877 -286.022006022 251.816538201
