58.4681747078 108.097381401 -54.5016782132
-89.3014049292 147.443704741 -31.3737199246
-185.206259365 -29.2338472433 -388.219719895
-249.522848663 52.8253044186 -774.660959444
192.561494077 68.7510734997 -20.4362593361
326.380280389 -90.2400378433 -396.045747454
430.197525123 74.6510743017 -765.10481241
33.1445549341 81.4474640557 184.110165196
-17.1330023038 -6.23537825218 387.657086258
-82.4626189376 -103.450578807 463.446267483
-141.851489257 -83.8692183382 671.048193078
111.474288773 -43.6509506687 422.609945405
343.089592007 -131.623801487 179.549744748
188.95095654 -273.669470206 148.105999779
-183.965064868 70.2020845262 351.43143954
-292.331743234 160.861845019 78.9865631317
-433.342324293 -3.71863723594 -96.1182454238
