72.5027024568 104.883918689 -47.4285425464
-74.4415691133 166.599212023 -18.7618536419
-181.873711725 9.40275861675 -399.155000381
-239.929884391 81.0558548893 -795.887343014
206.207232151 43.1686324117 -16.3270931177
286.797549094 -89.676153805 -397.045723255
460.8253414 103.892723068 -714.057508278
42.6183574206 68.5103118844 182.902209918
-8.49506360835 -19.0446970629 387.736500307
-95.199723667 -106.362158887 445.346021277
-149.536242208 -93.9073160833 634.493540884
119.049338984 -77.4150433496 379.962847991
356.432332978 -174.510786181 180.577064107
121.599362273 -302.796606342 84.6677318579
-175.074526793 79.1612606107 361.432431173
-280.587082441 183.143638276 93.250692867
-440.973076606 19.6745246356 -8.65871442057
