69.8190648636 110.893739695 -64.2735705304
-87.4325972636 165.757107861 -42.2793985519
-191.874967532 -10.164149873 -408.731809639
-246.258028358 65.4250427501 -787.59303578
192.987924646 56.0304126586 -38.6084280676
328.498330696 -99.5659545813 -398.841786119
499.243060474 101.15697191 -716.115605971
41.6474581685 81.6286153392 175.817527651
-18.0377262807 -4.621001362 380.008201406
-93.0536977294 -95.6462088257 458.889471889
-147.565258347 -77.300061129 666.272261558
158.929131281 -61.8299112476 414.13863045
336.137719281 -166.901345164 162.317340857
111.496167158 -300.974833819 68.7179099195
-183.91473522 88.2997006042 345.201289551
-300.147614234 163.579365611 81.143751405
-452.061406307 -19.1476260798 50.6712950577
