-65.731966663 7.61607504417 -161.632208814
-146.070759588 -133.007124929 -165.931375265
-141.892887646 -159.000548895 -572.69111523
-345.376673396 -61.7046199342 -965.599142003
14.8078292106 148.239296768 -166.572930056
208.904161094 104.059490718 -553.918786896
198.880632567 115.086859048 -975.910881924
-89.6140778728 11.651314659 122.158096569
-64.2962292569 3.37199381483 422.607964843
36.3624680964 -17.2897380454 492.230046838
70.4250567226 -6.48628873109 675.762096887
-56.8082591337 160.054015882 350.294630455
36.1900321953 344.670919842 299.700541893
143.464421585 226.727433913 408.540604377
-148.410905425 -146.868636698 349.357222184
22.5950847151 -361.818841693 297.661181654
207.588496434 -262.292674643 419.148642184
