-77.1264237818 28.0851640926 -130.378311413
-164.418799096 -108.6704427 -125.181090178
-151.932808322 -152.947992624 -537.862261194
-354.214739458 -25.4014046198 -948.877126917
19.0582459342 164.840840323 -123.36418334
230.914683631 80.0319444165 -458.58237664
217.715396996 100.747160417 -889.284668552
-89.306535625 27.5552650427 149.063585176
-59.3697556494 -2.88146361278 411.547511614
55.5425928452 -42.1072295708 509.589631392
81.4898513769 -27.5822062272 727.227273936
21.4860247317 155.095401562 383.694975565
58.49404292 324.495334597 259.930676834
222.642470806 207.500768654 267.879954118
-150.96688462 -143.794850988 386.585857915
-87.547559736 -324.315946173 182.027230344
116.649830552 -296.815316728 257.091597022
