14.5096155054 103.845099474 -91.500544577
-134.043260672 98.3756584464 -66.6501514214
-212.597297997 -130.524906953 -437.374928325
-279.963733676 -28.7152283454 -827.946456193
162.053752758 109.3145253 -62.2821002042
313.551240535 -135.2824147 -424.680546094
394.971310309 -25.9138211311 -825.018318328
1.67371906171 116.923409198 165.835902432
-26.6850803141 55.4660121415 432.736651587
-31.3354783217 -52.4543392934 496.111363285
-38.675787207 -13.4352083902 685.57594369
150.299614513 63.4736416258 421.292906883
335.039576361 -2.1325659376 215.99398602
179.240005053 -144.688316256 142.913425352
-214.500955998 70.6403659132 352.569337316
-324.655441743 38.2132582507 129.355618468
-304.033941916 -123.105169345 39.8100347239
