57.9230743298 111.653350628 -82.0533904623
-59.5217684508 142.658228459 -91.7452872461
-211.874536748 -78.9617902751 -402.930939778
-278.226131942 -3.04554321751 -791.661078942
189.697524373 80.6484738189 -34.6195038629
313.917121753 -121.729924048 -400.255025242
405.474594305 19.60657823 -791.538474829
36.0752225168 102.63723522 174.626494637
-30.4009654369 26.1526172472 402.454355425
-66.3126745959 -78.2805882529 488.837820495
-96.5059724665 -48.3352325737 696.613598994
153.797492012 -6.9847703601 438.854151345
338.913596836 -114.364941709 247.96364039
182.373418569 -243.304769219 163.9835533
-204.761617827 89.2460032352 363.044511569
-309.346349045 145.165722939 76.2095876266
-393.536405942 -26.2014717818 -104.377372933
