85.2461101926 109.60436855 -35.8759543622
-23.3515488523 177.288041504 -7.14860023557
-180.186263533 37.7258194271 -360.289593645
-241.532571489 112.181020005 -740.228963295
200.125567605 41.9207563211 -6.26869444323
315.905761344 -64.5775646661 -431.228784519
417.688788435 99.3063458349 -800.427609117
50.1092307604 63.5380004707 193.55486736
-17.4189829097 -32.9590574977 386.494092369
-99.386724455 -120.118999511 443.308499695
-145.755830036 -112.108637411 618.35114515
103.805005886 -95.6603609884 426.230549164
324.38475911 -201.583660565 189.333702974
110.129468874 -318.41847604 97.0990196836
-173.028428418 69.6718747008 360.849384112
-268.058504269 185.793037745 101.804751173
-422.707221761 39.8084712669 -70.2517376825
