-52.922211726 6.87142339691 -174.634239346
-143.400107022 -129.87529397 -182.19202855
-131.90544323 -148.98827235 -601.963492092
-347.063660886 -45.4600045657 -999.54155796
27.3453218733 143.618154795 -182.868066139
234.856153033 85.4130081076 -576.838325693
221.72012183 105.302964329 -946.127707915
-85.7618330851 14.8107152619 112.644995288
-65.604754679 10.6306313848 422.897793648
20.8120318573 -17.1739357769 498.380987297
21.2619719963 -0.57626655989 684.082826991
-45.443067924 164.054134949 348.618344808
56.6911794347 335.068880809 297.906114651
151.439757739 217.374284607 412.444495859
-147.323341348 -136.831207985 348.347995204
20.9567966466 -364.088804344 303.002461941
146.469072612 -271.772496549 501.097128289
