-74.3841046638 53.8778065592 -142.968289557
-175.1084222 -62.6492911014 -143.477194234
-160.468951854 -133.621077545 -550.024753204
-350.793546815 20.1296351338 -956.735674087
26.5708076394 170.404969125 -140.249378182
225.347784438 45.969699966 -461.161476046
208.543282345 92.2750852622 -886.438351721
-88.166541503 56.041950991 135.276146798
-70.4369781778 13.0481147183 396.685888934
20.3948400322 -44.5567187322 500.943370838
8.01872138175 -18.8592894085 708.432891923
27.3674367082 150.080273913 379.554615823
237.328816273 240.586213505 331.486903948
239.772953645 62.3486181651 359.719477607
-170.887781788 -107.598220939 361.597397554
-156.792691016 -302.279834356 160.723690684
111.538569492 -284.844853788 246.454106852
