1.24175112826 99.6105798511 -100.532155886
-125.40381207 85.2959595239 -74.80971969
-193.762177398 -145.923685236 -440.05784252
-263.695142724 -37.4691623867 -840.892430294
126.377708276 113.925187265 -65.8613640668
271.947840751 -125.301982168 -434.984583897
274.361476944 -30.4198634914 -839.365629647
-8.05566408055 118.929757883 157.874443938
-15.105710879 64.9900718416 427.734682615
-23.9051470254 -40.2079706748 497.040459788
-68.8101731355 3.97018855149 682.792772978
169.492803204 86.5341082109 416.401836925
361.085179175 21.9906560289 225.345003759
209.002336402 -129.145751374 214.419754944
-247.341279784 62.6350722185 346.810546353
-297.280930623 -5.87709374338 120.574559427
-200.868118128 -144.500503877 44.4874139614
