73.1777586461 123.522893962 -40.4025698209
-69.3431807508 172.738180018 -16.6020516903
-176.401172116 9.76057298666 -370.375870851
-229.584486081 95.5038441408 -753.169637779
206.437133088 74.3076393336 -13.093716599
337.892304036 -73.3995442287 -379.120654046
445.778591153 98.6591431589 -751.465266227
37.9858406342 75.0683309014 190.133079501
-57.6398555591 -30.6796395105 383.025962185
-99.8385769884 -125.891315139 442.590489776
-136.403853178 -115.550657125 618.183083538
117.489226582 -76.5642473714 425.085880448
346.542335476 -163.046860632 184.388634044
132.894166694 -289.0559009 89.2714297588
-219.870324171 58.29640956 354.989639261
-275.57169285 161.342777536 80.8770410197
-422.219192326 2.90937939501 -84.2772179475
