75.2729288908 108.035888347 -49.4427524315
-71.6281848479 177.956556528 -7.51622260766
-186.152866114 49.3746554385 -363.513572794
-240.230390577 138.544353472 -749.80975102
196.730060456 38.115302449 -57.2877340511
340.671766486 -58.2689359838 -439.46780422
509.307677511 141.554733689 -809.087378524
41.302073517 57.4864849653 186.430920064
-63.9202944255 -40.1648161161 394.491525198
-109.936192396 -126.424089525 444.901008832
-153.452274369 -118.498616151 630.999833637
107.827322423 -105.734892335 385.735931303
334.438648081 -216.807231956 188.518220736
106.876318404 -338.017252161 106.899411226
-172.692189425 67.9650478889 369.943335974
-280.28345828 187.928871676 114.310823283
-427.492135324 35.368641768 7.59154795038
