83.3936587521 108.344995002 -73.5023753832
-73.067510636 181.690182102 -73.5557282656
-188.236881934 25.9233621475 -386.501278551
-249.548979496 95.9157680712 -776.897670526
204.96220242 34.9998755773 -71.3586342142
343.452978906 -90.9788818015 -392.007107357
523.712046827 108.805023383 -762.424287478
45.8777179109 68.1449790605 176.67364687
-16.8815004449 -24.5703928078 408.798844653
-121.901718124 -111.61859373 457.121899018
-213.949817175 -101.071869295 648.513731518
110.326410275 -96.7701456527 394.074561462
346.989192542 -212.608226629 190.687434134
119.401484116 -340.609950133 103.742281395
-179.699794398 89.3754418776 374.68957381
-282.668539571 212.522295738 110.265372063
-444.791291434 50.7463186586 12.2500953948
