-27.4215298476 84.1609806708 -119.952950459
-147.878523798 36.8777005239 -101.966342631
-141.670910852 -171.734945492 -477.046131653
-290.805948804 -43.2684070012 -867.097921698
90.4909953888 131.444238788 -100.810955884
259.126842481 -111.210171964 -398.381903428
313.281177524 -48.0678011836 -805.765725479
-45.8622269849 116.060254632 145.434391383
-32.6441885891 83.9120258183 419.223212719
-14.4138332499 -13.5410931657 516.251321756
-90.0157177187 43.7661042673 724.066248879
146.945029122 138.033402276 394.131444087
319.526845259 109.571746537 121.532652518
169.243135049 -64.6933829314 105.158021886
-212.580673266 35.4361000559 386.396725282
-256.724205359 -120.928107219 188.941537682
-126.293856405 -219.351620715 199.17491706
