-50.4379836607 72.9676811168 -125.854031461
-164.043171159 -4.92493300289 -118.614109964
-146.025166554 -132.841743034 -515.875775022
-319.391941465 32.0548623083 -910.582697573
59.1675120963 150.860294826 -118.348087619
250.349969195 -38.5652781348 -433.287145559
237.553504775 28.9255609334 -849.915925169
-64.2530775811 88.4463386535 145.206573614
-40.1943642841 52.1843226663 414.579464732
14.8231330078 -31.2465088645 514.980533791
-30.8801486548 18.8946783505 731.919528174
123.612481512 141.483454632 389.612709393
239.941549622 131.18200163 172.746862007
78.0327528203 -55.2948630437 184.015577406
-159.798535888 -32.7825253278 390.243587326
-167.738197055 -215.439628214 186.454994016
39.4137550809 -232.281128316 267.50863513
