-56.3456910162 21.3597330059 -137.412730619
-149.531279463 -102.010121659 -137.031809402
-137.303816967 -141.788548834 -540.851239964
-330.992773039 -15.4173095774 -941.970326465
40.1703172087 144.729397128 -145.610944522
239.221235444 56.7384949419 -466.756875145
227.273534756 84.9219464218 -886.596337197
-77.6201326215 27.273641855 141.956254147
-39.8938091449 24.788536943 444.013794813
43.709937242 -35.4488501412 510.427661275
38.1278828571 -6.35967938163 706.90330599
44.8629812261 164.199813296 365.013280341
64.5434568997 301.119698561 220.156249762
69.9984070285 176.983428728 -26.4836526302
-141.113128351 -110.443595986 372.604281589
-57.5858500661 -337.445719441 323.946687764
132.222841665 -282.636257004 510.714100831
