-45.1757950576 76.2386666394 -68.6392582851
-158.325377292 2.68632389504 -34.9105849497
-216.045160336 -94.0647704014 -476.909945829
-322.785402938 73.0036194607 -863.784913762
107.551361543 149.791021653 -31.1977314675
219.286836169 2.80802253618 -409.714985475
213.570241452 71.1517591112 -864.661780239
-53.9116450683 72.8312195661 177.262082875
-54.8475033046 7.63469559907 399.860689983
17.7031303973 -72.9240335957 493.75259011
13.848305936 -43.4190040066 688.611776127
108.634849817 102.983770507 431.803757289
234.324194717 150.762977417 239.841360594
222.936631936 -12.34276094 165.0620555
-211.554501067 -67.6604858408 363.261686889
-173.266618267 -192.143763087 85.1967384076
16.6721416688 -248.832724463 71.3162241088
