46.3174810242 101.599246559 -74.5190898523
-102.287462532 132.583829059 -43.4729796221
-205.054445182 -88.9427570159 -401.456856586
-264.801753346 -19.9420028703 -800.172909202
190.370335395 70.6146575409 -39.8159593817
263.236339438 -136.803110994 -400.008592141
337.943521783 -7.02893150903 -792.703364098
34.2657096683 100.94944167 175.638331654
-14.410947312 33.9961850899 395.514423532
-50.0334124809 -68.8603928451 488.886421868
-77.12667352 -35.6942388643 697.055541297
169.610107162 4.48558084385 430.292904912
356.002985546 -92.1882733267 237.681269093
202.280006338 -220.94401363 164.117647049
-189.694513679 92.9099496586 357.220910142
-301.006579723 147.380199342 68.8608478996
-365.060920378 -17.9121479871 -104.487652959
