71.9877447491 105.791854089 -36.0797062
-63.6130429045 165.381262192 -10.6119067099
-164.953243334 52.3609199704 -392.23598674
-224.536132628 137.993771695 -794.660073604
172.29651621 46.2025202247 -8.09396509344
375.200197296 -43.7094239072 -403.056275091
499.285057816 141.316960164 -783.0064068
32.1954077479 56.1763579434 193.921270653
-51.6311239282 -42.6972169837 402.346490283
-123.064878884 -129.017821359 441.366210893
-198.924576014 -122.359188557 640.859004753
120.870477291 -100.375798269 396.713656336
317.433580836 -195.538876527 200.901341906
142.200658775 -319.258344639 91.6762790579
-217.049979017 57.9897538079 323.362967062
-273.085999052 171.13116714 106.343737106
-433.49239134 22.611808104 -5.52230377809
