-223.660772065 157.947292342 -40.7358716277
-291.994998612 40.7444848856 -14.138327519
-99.6113309565 -217.477540471 -323.447664584
-201.523289146 -88.6500569787 -779.892561482
-126.742401527 275.150211775 -9.96240395206
131.339409554 74.6383620654 -247.037965297
93.4927809903 124.390046644 -649.814208209
-120.80998888 79.0854929427 182.72495889
35.1460392386 -47.8694489989 397.913650519
141.014270372 -113.394070171 392.637793064
219.051107782 -109.879686841 552.224263965
108.110255264 92.899683792 378.981549846
137.73917825 207.150547865 144.839476309
195.358728795 64.8270115433 3.26948583703
-98.7906663566 -151.147205952 331.649639253
-131.634948309 -231.392205214 74.2358718987
30.0601351657 -228.929212978 -68.4784067132
