-71.3040411198 26.2415364878 -150.489891304
-165.806770151 -107.380319179 -149.791751841
-147.881122815 -148.772024482 -564.829318613
-269.520517205 -36.9519682532 -985.689307042
21.5490676996 159.863493402 -148.30290293
233.313886162 63.9121044064 -476.321783416
232.979740626 82.3522760311 -902.570180234
-97.8784205291 32.2572594975 132.823284816
-62.9634266032 6.58321353302 404.923370171
26.4359700614 -35.5256287428 510.795653418
19.4974857313 -14.8479423245 725.513248767
13.1193086432 160.971524413 385.246076446
57.8992921201 309.554841006 258.03622924
159.80161867 166.394283819 355.537291948
-162.434180526 -133.279566219 379.723108977
-68.2979755683 -317.518292359 178.325445474
138.743593301 -260.40908547 346.816533079
