47.7768136052 96.4107378309 -67.2019462293
-71.2757177308 115.668067208 -42.4100057289
-152.660791349 -56.8021311614 -418.000630211
-208.214538915 31.1119068576 -814.626843982
177.404157505 77.1534165069 -35.2633730852
316.366236731 -102.720556792 -404.160117126
407.480035984 38.1257906256 -797.195421859
21.951933821 84.5361916621 181.729086769
-44.7605506958 10.0570552299 396.07244936
-77.0595078519 -90.3772576105 485.670637791
-118.238103406 -62.3997931582 690.211927957
140.123461124 -9.38165381606 442.113632208
342.03812434 -84.8743503213 253.719368219
249.306768788 -221.06005133 163.836430454
-219.299058745 66.5867478679 356.390785623
-336.005772692 137.100333227 78.915824774
-482.264250934 -28.44774025 -104.975704379
