53.4978969484 105.044806 -67.534262696
-75.6881175257 138.982833089 -49.346095456
-165.050595219 -32.8380531859 -425.334993497
-219.106435704 52.6193369999 -816.36669477
169.396143471 71.1067844614 -35.7062706506
307.562099471 -102.989906403 -408.798504398
463.634896134 75.16753156 -736.847137074
26.0672718099 83.6083403078 176.09051095
-46.2286383987 5.20923730153 382.284202382
-90.8589803342 -92.7329197989 468.932790781
-129.965257418 -68.787882576 673.70793125
129.915003743 -28.9846110401 428.385487408
381.402259752 -120.676947984 241.533388341
162.841759936 -250.442369124 144.361321835
-225.405356492 74.9119640797 343.464092845
-333.712075933 133.96335226 71.689502599
-419.595685812 -41.7578895882 -39.4925206309
