69.6827685434 115.031625296 -73.3940598968
-73.4963908091 158.963198597 -88.155365493
-171.367696045 -26.9841991144 -399.423620382
-229.785186558 53.0741604548 -787.700746066
210.12585943 71.1001039677 -32.155955468
343.844523636 -100.210263467 -395.031119624
451.976936725 64.5566007805 -768.842498123
36.5939652548 87.1486241672 178.183742587
-57.7606796237 -1.80374009007 392.909642358
-102.345242422 -100.080826217 472.608068016
-145.031141155 -79.0978900665 679.498278618
114.935598287 -48.4885127083 430.049469137
356.518217364 -143.32987432 239.634884162
137.971876527 -267.3755376 86.3383100979
-224.928451016 81.1665711567 354.200990381
-284.945727373 153.229953399 84.7202214979
-428.057739391 -17.5066736203 -22.4729815701
