85.5593200953 111.168229827 -72.8466432393
-33.0466048161 185.559871452 -71.9875106416
-202.349536542 27.1978406053 -388.235276058
-264.786059965 96.477936682 -782.228421577
199.055564313 36.7766548534 -70.6575594861
331.971907585 -84.5755498898 -451.025685561
504.645347142 123.72280786 -772.889061167
49.8953962099 69.5991095376 180.584330525
-27.5993648824 -23.6421031816 410.4615728
-115.477686614 -111.784764154 466.826789926
-171.655294539 -99.0440361017 649.561604104
98.4122275686 -96.5533930899 445.788339933
327.635087861 -217.105912766 199.744914551
98.3480194782 -328.370462131 105.898688229
-182.406067143 87.3500552421 376.01251636
-290.763671055 190.293193072 111.066278527
-387.461555012 28.1601660016 13.1701971597
