37.17694888 102.470957504 -133.214065025
-78.1211893624 130.137000654 -132.553523325
-241.177529716 -142.233632245 -439.161732898
-376.044460033 -75.0262279325 -837.604095903
175.284186228 74.8049411105 -140.370448042
299.752601679 -162.953703875 -440.162128782
312.222080224 -41.4952976585 -830.991211592
34.5990440773 129.242585656 145.985914451
32.3541252751 78.5968011098 436.40890004
-29.71835921 -29.6853875669 511.257328686
-90.060333218 14.947964412 695.198981509
166.239177403 48.5182987015 422.843008492
344.51514121 -64.8462227377 216.051182275
166.902416022 -198.740778764 147.47445979
-148.150397659 125.455830427 408.514751148
-320.496314316 92.8425245186 147.979461087
-243.219503752 -85.9754365823 140.870757727
