-36.4450228489 32.7311097079 -133.679289986
-127.276734451 -57.8621145338 -141.503664309
-273.223709986 -52.0960897415 -575.856120342
-481.541583598 132.559638436 -965.484200967
80.7423996914 123.324390293 -142.84312866
193.352481325 60.1356609454 -552.083648189
167.366533264 152.33667738 -912.661910992
-37.0582340626 37.0757359125 135.695864947
-0.988926750194 17.9368381595 394.449009721
68.5030728189 -41.2012388618 492.298174849
69.4394932905 -1.71245367058 708.038575414
97.459870392 127.981447968 363.572448843
274.601547543 160.832213447 181.858793706
135.826087887 8.80046055973 349.999986088
-105.138358091 -86.4432473893 377.112319988
-49.0786966596 -317.806265628 266.445954906
18.4595961454 -298.222106411 455.106663297
