-50.2500015918 30.2599102344 -133.056073677
-144.133990813 -75.690843726 -138.106309352
-217.54767973 -106.055865023 -572.074918173
-424.020342015 56.0487611922 -982.574692227
68.9578882565 136.210640835 -139.304597806
192.79519954 53.1753478674 -485.54040533
163.948154003 114.012604003 -912.356190085
-58.2097375281 37.8590074811 150.605334776
-13.1794988448 30.2164645263 418.839266031
64.8229487606 -37.3745439877 523.529749251
68.7754276218 -0.614581037512 743.374366142
85.7217795186 154.132650053 382.613863123
193.394055078 244.670620887 174.854576425
197.39206553 92.4829523999 80.2783451818
-129.022927123 -89.340190801 402.341520306
-123.954079895 -332.51770268 350.656131716
80.8739488963 -322.715084791 464.811196851
