-237.167901112 85.3455850958 -75.7424015709
-273.248699141 -35.7601491783 -49.9866144497
-73.6325350872 -232.186425126 -374.825263686
-239.850247078 -158.910514475 -849.148823489
-125.57613406 206.451431069 -52.8868982556
96.8012159738 59.0188168345 -296.111210909
117.539789092 56.2662811323 -714.283183799
-146.906523401 53.7730376942 164.598850524
0.313740100442 -1.67990353823 392.688435997
120.256614165 -37.8390880364 420.639204853
188.147016893 -26.8749121931 599.387994563
8.32679731677 134.594166918 362.326910198
14.8161488202 245.222718856 121.639487754
91.5689431679 80.1390600038 38.0667840802
-74.1555614315 -122.836657894 371.134704141
-3.70340626265 -233.097316388 127.671190101
272.652931898 -151.147588619 124.524270576
