-49.2413738762 17.6834038362 -122.79467183
-130.631884722 -104.952640598 -127.774646732
-194.212314521 -123.733625054 -550.381191559
-411.98254086 9.54571753744 -947.628825641
60.6587293733 140.319337577 -128.656333474
189.826416009 74.9901160458 -464.468216115
162.492061312 112.43894035 -880.851496651
-61.5851080108 21.007949084 155.818749728
-20.4248320272 17.9382547352 416.222964937
70.5169366287 -36.6483435325 524.694453696
68.1975744985 -7.9644762275 733.051877677
64.3446164494 156.343603484 381.207082854
88.7295408369 279.212479704 167.549175561
100.515738341 158.387692802 -12.619758834
-114.645246662 -117.38146872 452.700288232
-29.9275928389 -328.683356807 280.576748573
167.059734835 -281.649842624 462.359181527
