-34.6897688382 11.2922798077 -112.185351775
-91.2879816418 -108.058331826 -88.1089678476
-173.962979712 -113.267391997 -524.380149804
-395.154525164 -17.9673943983 -935.435012799
29.177392756 130.642674562 -88.7232853069
222.925477129 96.8556045858 -424.673409049
132.757531836 139.198348226 -859.162922477
-47.0327753947 7.61692834363 140.255407979
5.24166633395 1.96437708183 450.358023425
64.1202910083 -40.8290072875 462.894214327
29.4347122783 -24.3421949662 558.692600284
25.1291240214 133.603602535 421.922047913
23.7580397998 288.887805826 296.047819691
54.1871490865 203.204644866 37.2178918772
-81.5500568943 -124.26261823 432.444861377
22.4839720366 -323.140019093 330.034243461
226.295190405 -258.715147479 540.828714124
