-41.7041640604 18.8708841023 -135.73619769
-117.415891137 -102.560705817 -135.239664595
-191.88315083 -115.853638593 -567.32446226
-404.461855663 23.3900361744 -967.380758296
68.9504878111 140.302566026 -142.288242222
193.508400249 78.4200721797 -471.73309799
95.9182031266 130.684093178 -892.967567925
-59.2307018833 24.4919242881 137.723519743
-20.079367904 2.29822164757 400.207815879
56.4852053271 -38.7725553072 501.710614112
61.4793116833 -18.1182723193 716.10020205
9.14153767837 143.541463654 372.533827388
118.123120016 277.559342852 246.951367694
216.090679386 129.966584208 344.008806435
-112.529590076 -124.354182933 376.65431842
-92.9857412266 -307.080564701 179.10125728
176.143856911 -278.015562603 343.847595726
