-42.8021979654 79.1912008882 -87.3985009975
-165.753284866 11.4361089543 -95.5680707486
-235.753784938 -82.7655287963 -509.467586905
-417.380114057 111.767785029 -909.36358542
113.655524441 146.946336436 -40.5504583703
229.882544285 0.767375212544 -433.799658224
221.269074912 96.2814666029 -849.887692557
-43.82332587 72.703150339 170.06138397
13.1991446266 14.3341860616 408.251672966
43.2629594468 -70.1540469029 501.608989462
26.5940333236 -33.2108999436 721.009688281
130.982591583 102.624947551 392.566874074
245.696841317 121.949214421 184.082568187
161.157621087 -51.4507970006 170.891337818
-161.415301116 -58.7164266662 384.171233975
-181.874883821 -210.934585903 173.636647477
19.7399932394 -261.124125236 174.900804964
