73.5231293568 104.347931686 -87.3211151194
-69.6253004967 158.876564014 -94.6059825278
-187.760051442 -62.5054098049 -406.355763482
-303.874621181 -16.3443211964 -801.206737543
218.956710394 49.8193671261 -40.5475397121
289.352609166 -131.611136546 -407.288647698
373.328242918 8.06929198383 -791.001916307
56.1962830097 99.5843597438 169.236591218
11.4823467525 29.6046986517 401.461700253
-63.9737376289 -64.5902393275 489.725878778
-117.941154589 -33.3382636198 698.512303222
192.413240524 -29.8890208002 434.490169006
314.400469346 -143.026775729 174.807599162
140.655967434 -273.36870613 83.6478625741
-160.221390788 117.383071788 365.455969728
-270.177521752 176.479409231 93.6836027683
-430.98954631 -1.56011001002 64.7743002124
