-63.9639705211 22.915745637 -139.75293024
-155.608169442 -105.801551361 -139.274733841
-143.613080226 -145.414379657 -557.81391242
-342.755940955 -18.6177061983 -956.221892251
31.6185974704 151.63297721 -138.913392561
236.072660665 63.178752634 -472.578956716
223.593534701 89.9008890891 -897.950910151
-86.6920606173 28.0104892634 140.306559277
-56.8974829666 16.3223069643 449.021405252
36.7659338254 -34.2599823977 512.528361311
30.3226357469 -9.7404630654 707.980400967
26.7511540897 162.423994536 371.566066038
58.8141480345 304.263256055 224.359380791
151.502031731 174.020296058 144.932628549
-148.735365363 -121.637414886 373.634358184
-55.4817755898 -330.954195943 253.890667199
144.417052171 -283.38629612 436.160267293
