-217.856760397 97.092560026 -116.908904665
-231.499124882 -9.45353650103 -104.290394178
-73.7036566045 -224.97801206 -456.324855151
-259.053104773 -138.373462741 -940.649019599
-121.356904968 203.638712442 -108.728157321
92.2338265898 31.1223041344 -371.339621626
47.6416840306 49.1117953591 -742.616884731
-135.615834974 64.4685438537 155.171789183
-4.2618371239 7.51483381678 415.497097075
111.518061512 -40.2539768519 453.582442356
176.202577323 -20.9873032244 630.112902117
8.50279172173 128.133075053 384.226971976
69.1243996438 205.973125079 201.631801275
27.1113905374 24.983183834 0.615011217671
-80.5026693387 -101.763601286 387.804813419
62.1137217531 -235.337788976 220.961232754
287.446906269 -119.799754871 290.218582428
