-56.1634741664 35.4204622533 -133.143783124
-144.541359415 -79.8636999186 -129.511610147
-200.718538943 -119.595269778 -536.460322796
-396.554975606 38.6536326404 -932.460961901
50.9985665136 150.704621959 -127.697637858
244.657349846 45.9473629161 -513.111331849
245.573354023 91.5789192516 -933.750721042
-75.6347799299 41.9906916278 141.206299517
-46.6378475458 6.58318047929 400.528109854
30.4663727583 -45.6869395356 502.163770724
31.7024674763 -24.0057304689 705.723917901
44.5386283822 145.995752928 383.075476293
167.011671229 265.678738088 324.747307788
185.858903224 101.416470779 347.352463459
-194.773960102 -115.881115993 366.580836264
-125.031548425 -304.371725593 178.777717711
137.917289396 -270.378404104 266.118016277
