19.2133385863 79.3989245342 -85.9103324229
-98.8144644812 69.9926536273 -61.8533545615
-178.737006979 -121.028039451 -461.108501912
-316.038522807 -26.1748306571 -864.974009857
159.331557158 88.8051789255 -57.6260147486
319.522671797 -116.519426485 -440.80204006
397.260076666 4.9694408991 -795.074299378
3.14041825025 96.8384256448 173.481214028
-48.6602823952 44.6546456687 404.501633854
-40.923770404 -59.3715923345 511.485596149
-62.7894564385 -19.9748786975 725.097946114
143.143990996 55.9329545153 450.380849303
341.876221841 10.6815995154 250.842349439
245.149769814 -129.170978248 158.895753442
-242.629648893 59.3736710273 365.462396807
-299.094851947 57.5962768767 136.029358912
-359.520054323 -96.0040253573 -44.6961762756
