72.0029069037 123.243999558 -46.6096336822
-49.5540662195 174.959869402 -23.310478081
-207.917801255 0.79301972445 -382.168987978
-265.114293207 83.3253655868 -772.046646784
187.187263636 71.5281323568 -19.3330955563
320.268310165 -79.2373261963 -392.516907806
479.731196345 102.211437155 -760.879655145
38.1301970568 78.8435488862 186.471269572
-36.8276255401 -21.7185229272 383.114065155
-97.8632863082 -117.323081608 444.844411445
-165.73046587 -104.139893177 622.247435594
140.934011251 -69.0205819272 426.497472752
330.843524215 -171.757763536 187.299208747
160.711893513 -299.258139357 158.165300478
-201.751153072 66.3080456926 354.716639177
-301.365438181 160.886486752 77.6931968037
-391.415355786 -1.89703480544 -88.7740365069
