86.8098321987 118.191177212 -61.8537786913
-26.4977987717 180.933165169 -72.7982235229
-191.554934441 11.4071178403 -391.411105002
-246.758331646 83.3336035834 -781.689824187
204.323513336 55.4492389007 -17.5200906518
344.040547081 -82.7047585075 -392.088282529
441.861377294 87.4230428297 -771.105679726
49.9384742048 78.6247238771 181.808351625
-16.8904513668 -19.1323003946 400.0102427
-101.989682919 -110.692570661 453.397405046
-160.190387529 -99.3893975559 646.597794603
111.569990054 -80.4925094774 392.543015402
345.629657021 -190.618474847 195.039529863
117.843031483 -314.918409846 90.4369445784
-183.448303098 81.9710104716 372.851527952
-290.190386588 179.48771646 106.48976505
-449.737522844 13.7647225891 -2.19952746289
