74.5738151687 111.288286188 -55.59031531
-66.5166624545 162.226152188 -34.9895676485
-163.388513198 6.2171531053 -389.185410102
-214.08802106 88.4438566151 -770.98822549
209.515316684 60.3504801271 -30.4836926132
340.681244106 -80.8221234319 -395.943776578
449.990930268 92.9416804333 -761.257276893
40.3240192052 73.2041790194 183.877930589
-54.4591577155 -18.8275198711 380.058763705
-102.737865337 -111.460861713 456.138837698
-133.907621279 -96.763719377 659.661987819
120.819554886 -70.6078572109 416.051294379
351.916880822 -167.601752358 227.898708548
139.409652225 -296.83345394 76.3087638879
-216.461020796 72.498273971 343.773084162
-277.009292274 168.211032006 79.8462795167
-486.503290217 5.30392461689 -29.937776998
