24.6614595246 15.2640336036 -123.949018113
-43.6390653724 161.276160551 -146.062989628
-143.537862913 112.177323036 -487.77305945
-37.5527667523 131.601856255 -836.925284713
77.461975564 -130.747869759 -147.197552789
53.4537517283 -162.136304043 -581.902419
164.429423869 -68.3145330922 -997.82637838
21.9012982423 15.4300942814 183.483353406
-50.1414572076 -7.47045619288 522.971202763
-166.022530267 -50.377492973 559.71061676
-265.566922597 -34.6427789023 788.259605863
59.6460059912 -148.349273712 448.703406718
255.732994394 -295.414698194 300.697460065
161.905703285 -325.365045997 119.411704927
-117.354407809 158.597221706 435.650758468
-53.4572343801 359.77435994 228.787535004
-61.3801377274 307.657151265 110.364852485
