19.9905618496 39.575675949 -194.218691513
-82.8327716757 38.3567271658 -211.495949202
-133.63362811 -248.611534795 -441.121118376
-110.841937428 -155.481495183 -772.391167949
182.308774134 40.7946313289 -208.338958757
164.529061943 -236.922794955 -514.796626139
85.8976991628 -180.407873577 -920.20347906
7.40024132925 124.841480501 120.980223169
-26.5409338263 129.557257883 465.515638163
-32.9339238592 21.2886258647 579.690213902
-100.809383947 92.4753517303 744.592965199
221.202105142 137.481456242 507.686606963
378.186523007 75.1510655216 327.806652073
364.154534387 -67.6383090778 249.889748553
-222.902833559 140.037824062 430.66188877
-397.436335694 103.942805647 88.7555069138
-321.280873535 -54.4408943027 54.8297651782
