-6.90827847564 65.1317867229 -173.554981841
-153.349813472 33.0284750163 -165.728016351
-147.472937853 -224.23906374 -469.290967404
-142.910863806 -90.1546183673 -807.724458969
155.750837705 97.2350764744 -164.759977812
235.776116132 -159.931631292 -470.456515737
83.6623439714 -88.3316927841 -888.990366107
-25.6743668938 126.039849549 117.022354031
-46.1684423048 110.781092808 395.042168348
-36.2095482919 8.54352641499 529.512673637
-111.038935573 69.0298110778 727.820571151
148.643725744 152.588022822 441.208212458
370.600434465 92.3326162546 323.927604844
359.020755727 -76.5191209159 338.152724473
-243.211032074 83.3438136954 361.773151655
-341.347918066 -34.6328295583 62.1912777078
-167.954270573 -170.689269961 131.35222083
