-49.1622092786 73.6687942139 -108.683693657
-166.613616402 -6.42072932471 -92.8527810561
-147.271128153 -132.302492103 -489.410838412
-233.164958296 45.6058314897 -813.903076009
64.8497738454 153.758257203 -93.0891438101
143.562210551 33.3251698962 -556.400954198
53.7642963144 136.106908731 -964.381844833
-46.2946831185 73.6161876891 170.524353757
-36.6642366073 13.1169934677 429.922771625
37.9061885264 -68.8607978816 537.821967829
35.2000561997 -31.2833756771 746.017898232
135.079212012 111.716531511 469.289177761
328.478927808 135.452400841 283.983952462
259.445058204 -25.6815007245 203.31808782
-210.33812339 -65.3171304758 401.935069607
-177.958778364 -202.95298836 127.721370955
-48.3686936992 -258.74852231 112.688494983
