-166.44150015 -114270.663301 -161.450487518
-229.205780473 -114349.668048 -156.02941592
-104.094204132 -114647.280479 -569.194388292
-285.441318451 -114448.996307 -995.356159079
-53.2647951318 -114191.658394 -154.217256576
83.9947576792 -114456.138015 -484.558436608
27.7701260542 -114296.89546 -795.68857721
-107.526341233 -114333.309403 131.642183015
-35.30454006 -114435.660847 380.760998949
62.1998332215 -114506.991851 460.65737977
95.6866382809 -114478.924552 645.137135891
46.4808602455 -114338.684706 359.224642018
223.316599008 -114339.360821 313.523746433
213.14709527 -114512.297059 345.549389779
-123.202537251 -114513.375805 356.993705388
0.228056875763 -114709.191377 252.068555115
139.887236739 -114649.160117 332.82563844
