-4.87280032973 59.1614196001 -137.136728055
-155.450640274 61.0184033244 -120.354728045
-209.890739133 -174.304990412 -480.228028432
-144.075071411 -74.5088038698 -866.055219018
144.605216199 57.304437023 -119.649650337
148.477557824 -182.07246809 -480.499573883
136.900553717 -90.1740278221 -874.860093392
-2.36361891121 113.15541758 154.154943995
-26.4067290199 89.5225244677 463.563385063
2.9428576254 -16.62240207 561.614309906
32.0668306956 43.3252072369 764.113346045
203.207408584 101.407111211 438.482540937
327.150978436 51.2170263151 230.112579623
309.32155474 -92.4590163782 155.892191361
-213.156735468 96.2494050062 428.911627971
-320.019048804 49.0241669721 157.100029538
-232.731136083 -91.2434100933 76.5568765505
