-5.54418164866 50.1670589364 -164.758270244
-159.026774982 54.2058814939 -166.466570016
-214.093363562 -193.8851035 -463.866531089
-145.8115332 -96.9714955594 -847.455589973
141.75955335 46.1282390049 -165.482241455
148.33941926 -207.529985038 -524.212613421
195.648722616 -119.084001686 -919.383130116
-3.44183807645 119.523140736 143.263152377
-30.0969683066 109.913728976 478.541463502
-1.15751799211 1.82893849694 583.473323094
27.1521113501 69.587078022 788.634067665
199.339558047 117.366508513 452.769062589
322.675541773 54.583299933 246.473467073
302.456281601 -92.4260463383 175.540369989
-217.087236021 115.968081451 443.215733492
-325.448389536 58.2703637561 182.574397012
-245.806922386 -87.6456871993 98.7345048539
