-3.18374827892 64.0195548822 -123.515347128
-148.476349188 55.7046360962 -108.676123993
-205.328970573 -171.593515093 -458.316264398
-143.677224369 -65.9759278614 -836.11998384
138.232588844 72.3344696065 -99.5573584625
203.546203812 -164.354631745 -461.889911903
206.869788646 -88.5750503401 -902.117598491
-8.36612208454 110.266153289 162.240656559
-31.9309389515 77.1707291125 457.853736539
-3.39792618595 -29.497207083 552.655817271
17.0152922524 23.7314017665 754.981762375
191.125719622 97.9239633091 433.277266253
311.407225447 74.2618743733 224.989329206
297.791787102 -65.4942927903 84.7750177329
-207.407549593 78.8525737974 430.603440157
-322.582656914 37.0687908025 168.306239138
-306.584916132 -106.31281153 79.9762823526
