5.6455884312 53.9991598358 -124.613669415
-119.680077952 67.5847671647 -112.441325598
-188.196222572 -143.007607211 -473.799523024
-178.21202031 -22.8727752304 -817.918665696
129.252990731 40.4135624377 -112.892721199
187.4619634 -159.35108704 -493.362086679
186.872964426 -71.1424415454 -948.948138003
8.92062841095 103.30383036 166.167430906
12.8185000445 74.6694374542 471.534118197
3.2241649851 -29.4249448912 569.84822855
10.2375299347 27.5931588233 783.391976537
192.129462471 68.5259646057 442.237595496
297.663211679 27.564150425 160.189297284
196.649673305 -104.999264172 -0.273040454035
-167.939260801 97.6360477169 454.719425681
-288.188325259 56.536979497 242.922214534
-270.870389104 -87.5874695546 164.875386633
