8.05956727887 41.3260403007 -142.668173362
-147.099053353 67.5874431526 -134.427643453
-171.960671781 -146.167852952 -518.409704808
-218.92954167 -26.8699398935 -803.010225265
159.906405925 15.0646650406 -145.028486593
149.032814649 -171.819332733 -541.643269876
144.926846387 -67.8759450921 -938.994941862
26.4075805267 101.714543459 158.841446298
49.962031212 85.9397306766 477.695411548
24.2437678338 -16.1565857211 594.177543712
41.7903780035 49.5790969103 806.444160085
234.009108016 61.3313488781 445.782984038
270.449932007 -18.187009678 150.313971767
153.351687187 -142.440985703 59.3786094466
-144.127028017 121.852704343 507.416487852
-267.669918555 96.6690734812 239.545343049
-253.642990031 -57.0467816248 155.58404264
