18.520953137 46.4363259994 -126.605305534
-94.2946123216 104.382914256 -87.3717228508
-171.745103256 -53.7444703846 -544.468996044
-158.460995486 72.4357759019 -832.198489397
151.575035931 -11.5101926374 -144.574357378
132.828424556 -144.359970935 -569.571009577
139.186525381 -21.2009209605 -970.154569397
38.1345442819 80.8646783303 169.127542744
43.911921562 45.6230415097 467.358482752
5.7965716734 -47.9238773219 581.115545705
30.0719706658 4.613064693 795.924293159
225.371394887 -6.80368894979 435.66252634
257.647314442 -95.8633517092 139.935055748
136.646683397 -193.181418935 41.8726824207
-138.852559923 117.026994812 500.60173773
-279.273498999 120.344477411 298.797296569
-274.612500861 -28.6040531466 223.623233486
