21.5110723283 54.6107932227 -108.027805
-91.8166386013 112.651436365 -80.5967241418
-169.421558386 -47.1553805873 -483.982924966
-157.885686093 62.5447575998 -829.372108215
150.980822339 -3.42977641961 -91.969897864
131.316147506 -134.495783145 -559.729145258
138.614525687 -20.5935375952 -970.499422686
39.0157238848 81.0902501404 174.203255429
42.8405753281 38.2465468519 450.988724904
4.82641546166 -53.8222688911 561.687692864
28.9865347753 -5.05560475225 772.868222935
222.11869707 -12.6862680925 419.631178795
253.924463967 -94.8130985495 125.494509431
134.76656756 -191.170261363 26.7285330734
-137.548179377 109.923956202 484.152381735
-275.695768626 119.080094519 283.465621922
-271.180503176 -26.9231056876 206.60020983
