53.3949754091 89.5431096253 -91.5891502959
-68.5339439878 165.589921567 -33.6648127285
-166.000646758 -17.250483744 -401.134256803
-152.820092633 62.6450582452 -800.347302316
208.386098551 13.4964072204 -89.2412559004
126.141167818 -147.832051466 -483.981127731
132.716275897 -49.612611999 -944.971878338
61.0081661933 88.709862814 174.347344726
42.1526552331 17.9478693536 417.869905883
-6.20476365251 -69.9423048561 521.622339988
24.5277578817 -32.1272605344 724.739596291
215.093829241 -49.3443025074 387.17633311
244.55874451 -140.946079717 91.7296805705
126.164999442 -231.300487744 -7.24434636919
-129.762510623 112.509808965 450.297097385
-268.30384682 153.639836749 263.352195495
-334.320487794 8.43678002142 188.40819717
