-106.299977995 27.2059776646 -143.177216934
-193.325471161 -121.686368625 -144.135583631
-103.35955835 -167.064503304 -591.558550661
-220.055472713 -81.2582268949 -1046.57846091
-37.3819021404 176.098514357 -143.558900223
144.726827731 126.695673687 -507.38038664
50.709750676 141.946304756 -852.287623075
-101.300875121 22.9706834378 149.815016676
-38.2516144775 -5.7838451543 431.313745605
71.4539096025 -39.0303529824 517.288632252
108.455473423 -26.4005176645 723.940459657
-18.8513748229 160.286063109 404.19286886
79.9377186823 334.559294384 283.923513854
233.89153496 211.742353561 307.292527392
-119.249850747 -157.51979828 400.346562114
-37.0886116077 -349.035333093 223.422516993
149.842550635 -290.250702168 305.605964786
