61.5470485958 93.4958091151 -72.511264991
-64.8040184022 160.440358443 -33.6823055297
-98.067874014 18.1509236236 -411.788898937
-134.76697266 103.208627601 -807.410128986
209.40368219 26.5513936537 -37.6901759256
191.496148927 -98.6375356874 -491.007352944
141.778838407 -10.2048359457 -950.094137512
57.5136847309 80.773918669 180.747977354
34.3914594002 3.3363238893 404.152905329
-23.3938379865 -83.2026066407 500.590280413
-36.7994170766 -51.1279773962 705.076305064
205.832958087 -59.1073528568 376.607838108
232.818833624 -163.836012516 97.1026890403
51.5613458901 -247.689387536 68.3742702775
-134.364028561 93.2237728792 435.55015001
-267.402396078 133.669486205 240.284478557
-331.078559772 -21.8894116166 165.768680007
