86.4216172742 86.7229509101 -169.880628038
-32.6728336552 180.217655458 -178.445531141
-140.288346664 7.2305729216 -488.920687473
-101.765731604 92.0024252899 -819.168484962
243.072224043 -6.77161360915 -186.938468642
146.966655226 -176.461473773 -567.606306123
170.118262907 -47.7503337011 -961.448157711
89.5198947783 95.2208441809 133.817547866
59.6542784954 47.1576723145 414.758921386
-16.3332546021 -40.134667008 538.83498706
-13.5768680249 4.05659973897 730.516570116
233.222433908 -48.8301950839 440.603096864
253.214223625 -249.136094113 181.120427223
-2.36765499164 -318.268876987 261.822439706
-110.191225121 159.498535248 442.733268319
-308.149120578 183.028131397 253.781920423
-397.236297635 -13.6557279414 280.025538334
